1 459.107719 
2 391.064985 
3 351.717096 
4 323.490747 
5 301.556471 
6 283.783498 
7 268.971356 
8 256.371729 
9 245.478719 
10 235.936400 
11 227.484334 
12 219.927493 
13 213.116218 
14 206.933755 
15 201.287409 
16 196.102639 
17 191.318687 
18 186.885512 
19 182.761457 
20 178.911540 
21 175.306130 
22 171.919945 
23 168.731257 
24 165.721276 
25 162.873656 
26 160.174100 
27 157.610040 
28 155.170375 
29 152.845259 
30 150.625924 
31 148.504529 
32 146.474040 
33 144.528126 
34 142.661068 
35 140.867690 
36 139.143289 
37 137.483582 
38 135.884662 
39 134.342952 
40 132.855174 
41 131.418314 
42 130.029597 
43 128.686464 
44 127.386547 
45 126.127654 
46 124.907754 
47 123.724956 
48 122.577501 
49 121.463752 
50 120.382177 
51 119.331346 
52 118.309920 
53 117.316644 
54 116.350342 
55 115.409906 
56 114.494298 
57 113.602537 
58 112.733702 
59 111.886921 
60 111.061374 
61 110.256283 
62 109.470915 
63 108.704574 
64 107.956600 
65 107.226369 
66 106.513287 
67 105.816791 
68 105.136343 
69 104.471434 
70 103.821577 
71 103.186309 
72 102.565187 
73 101.957789 
74 101.363712 
75 100.782569 
76 100.213990 
77 99.657623 
78 99.113128 
79 98.580179 
80 98.058464 
81 97.547684 
82 97.047551 
83 96.557786 
84 96.078124 
85 95.608307 
86 95.148088 
87 94.697228 
88 94.255497 
89 93.822672 
90 93.398540 
91 92.982892 
92 92.575528 
93 92.176255 
94 91.784883 
95 91.401231 
96 91.025124 
97 90.656389 
98 90.294862 
99 89.940382 
100 89.592792 
101 89.251941 
102 88.917682 
103 88.589872 
104 88.268372 
105 87.953046 
106 87.643763 
107 87.340394 
108 87.042815 
109 86.750905 
110 86.464545 
111 86.183619 
112 85.908016 
113 85.637626 
114 85.372342 
115 85.112060 
116 84.856677 
117 84.606096 
118 84.360218 
119 84.118950 
120 83.882199 
121 83.649875 
122 83.421890 
123 83.198157 
124 82.978593 
125 82.763115 
126 82.551643 
127 82.344099 
128 82.140405 
129 81.940486 
130 81.744269 
131 81.551682 
132 81.362655 
133 81.177118 
134 80.995005 
135 80.816249 
136 80.640786 
137 80.468553 
138 80.299488 
139 80.133530 
140 79.970621 
141 79.810701 
142 79.653715 
143 79.499607 
144 79.348321 
145 79.199805 
146 79.054006 
147 78.910874 
148 78.770357 
149 78.632407 
150 78.496976 
151 78.364015 
152 78.233480 
153 78.105324 
154 77.979503 
155 77.855974 
156 77.734693 
157 77.615620 
158 77.498712 
159 77.383930 
160 77.271234 
161 77.160585 
162 77.051946 
163 76.945279 
164 76.840549 
165 76.737718 
166 76.636752 
167 76.537617 
168 76.440279 
169 76.344705 
170 76.250862 
171 76.158719 
172 76.068244 
173 75.979407 
174 75.892177 
175 75.806526 
176 75.722424 
177 75.639843 
178 75.558755 
179 75.479133 
180 75.400950 
181 75.324179 
182 75.248796 
183 75.174774 
184 75.102089 
185 75.030717 
186 74.960633 
187 74.891814 
188 74.824238 
189 74.757880 
190 74.692721 
191 74.628736 
192 74.565906 
193 74.504209 
194 74.443625 
195 74.384133 
196 74.325714 
197 74.268348 
198 74.212017 
199 74.156700 
200 74.102381 
201 74.049041 
202 73.996661 
203 73.945226 
204 73.894717 
205 73.845119 
206 73.796414 
207 73.748586 
208 73.701620 
209 73.655499 
210 73.610210 
211 73.565736 
212 73.522062 
213 73.479176 
214 73.437062 
215 73.395706 
216 73.355094 
217 73.315214 
218 73.276052 
219 73.237595 
220 73.199830 
221 73.162746 
222 73.126329 
223 73.090567 
224 73.055449 
225 73.020964 
226 72.987099 
227 72.953844 
228 72.921188 
229 72.889119 
230 72.857628 
231 72.826703 
232 72.796335 
233 72.766514 
234 72.737230 
235 72.708473 
236 72.680234 
237 72.652502 
238 72.625271 
239 72.598529 
240 72.572269 
241 72.546481 
242 72.521158 
243 72.496291 
244 72.471871 
245 72.447891 
246 72.424343 
247 72.401218 
248 72.378510 
249 72.356211 
250 72.334314 
251 72.312810 
252 72.291694 
253 72.270958 
254 72.250596 
255 72.230600 
256 72.210965 
257 72.191683 
258 72.172748 
259 72.154154 
260 72.135896 
261 72.117966 
262 72.100359 
263 72.083069 
264 72.066091 
265 72.049418 
266 72.033046 
267 72.016969 
268 72.001182 
269 71.985679 
270 71.970455 
271 71.955506 
272 71.940826 
273 71.926411 
274 71.912256 
275 71.898355 
276 71.884705 
277 71.871302 
278 71.858140 
279 71.845215 
280 71.832523 
281 71.820060 
282 71.807822 
283 71.795804 
284 71.784003 
285 71.772415 
286 71.761036 
287 71.749862 
288 71.738890 
289 71.728115 
290 71.717535 
291 71.707146 
292 71.696944 
293 71.686927 
294 71.677090 
295 71.667430 
296 71.657945 
297 71.648631 
298 71.639486 
299 71.630505 
300 71.621686 
301 71.613027 
302 71.604524 
303 71.596174 
304 71.587975 
305 71.579925 
306 71.572019 
307 71.564257 
308 71.556634 
309 71.549149 
310 71.541800 
311 71.534583 
312 71.527497 
313 71.520539 
314 71.513706 
315 71.506997 
316 71.500409 
317 71.493940 
318 71.487588 
319 71.481351 
320 71.475227 
321 71.469213 
322 71.463309 
323 71.457510 
324 71.451817 
325 71.446227 
326 71.440738 
327 71.435348 
328 71.430056 
329 71.424859 
330 71.419757 
331 71.414746 
332 71.409827 
333 71.404996 
334 71.400253 
335 71.395596 
336 71.391023 
337 71.386533 
338 71.382124 
339 71.377795 
340 71.373545 
341 71.369371 
342 71.365273 
343 71.361249 
344 71.357298 
345 71.353419 
346 71.349610 
347 71.345870 
348 71.342198 
349 71.338592 
350 71.335052 
351 71.331576 
352 71.328163 
353 71.324812 
354 71.321522 
355 71.318291 
356 71.315119 
357 71.312005 
358 71.308947 
359 71.305944 
360 71.302996 
361 71.300101 
362 71.297260 
363 71.294469 
364 71.291729 
365 71.289039 
366 71.286398 
367 71.283805 
368 71.281259 
369 71.278759 
370 71.276305 
371 71.273895 
372 71.271529 
373 71.269206 
374 71.266926 
375 71.264686 
376 71.262488 
377 71.260329 
378 71.258210 
379 71.256129 
380 71.254086 
381 71.252081 
382 71.250111 
383 71.248178 
384 71.246280 
385 71.244416 
386 71.242586 
387 71.240790 
388 71.239026 
389 71.237295 
390 71.235595 
391 71.233926 
392 71.232287 
393 71.230678 
394 71.229099 
395 71.227548 
396 71.226026 
397 71.224531 
398 71.223064 
399 71.221623 
400 71.220209 
401 71.218820 
402 71.217457 
403 71.216119 
404 71.214805 
405 71.213515 
406 71.212249 
407 71.211006 
408 71.209785 
409 71.208587 
410 71.207411 
411 71.206256 
412 71.205122 
413 71.204009 
414 71.202917 
415 71.201844 
416 71.200791 
417 71.199758 
418 71.198743 
419 71.197747 
420 71.196769 
421 71.195808 
422 71.194866 
423 71.193941 
424 71.193032 
425 71.192141 
426 71.191265 
427 71.190406 
428 71.189563 
429 71.188735 
430 71.187922 
431 71.187124 
432 71.186340 
433 71.185572 
434 71.184817 
435 71.184076 
436 71.183348 
437 71.182634 
438 71.181934 
439 71.181246 
440 71.180570 
441 71.179907 
442 71.179257 
443 71.178618 
444 71.177991 
445 71.177375 
446 71.176771 
447 71.176178 
448 71.175596 
449 71.175024 
450 71.174464 
451 71.173913 
452 71.173373 
453 71.172842 
454 71.172321 
455 71.171810 
456 71.171309 
457 71.170816 
458 71.170333 
459 71.169859 
460 71.169393 
461 71.168936 
462 71.168488 
463 71.168047 
464 71.167615 
465 71.167191 
466 71.166775 
467 71.166366 
468 71.165965 
469 71.165572 
470 71.165185 
471 71.164806 
472 71.164434 
473 71.164069 
474 71.163710 
475 71.163358 
476 71.163013 
477 71.162674 
478 71.162342 
479 71.162015 
480 71.161695 
481 71.161380 
482 71.161072 
483 71.160769 
484 71.160472 
485 71.160180 
486 71.159894 
487 71.159613 
488 71.159337 
489 71.159067 
490 71.158801 
491 71.158541 
492 71.158285 
493 71.158034 
494 71.157788 
495 71.157546 
496 71.157309 
497 71.157076 
498 71.156848 
499 71.156624 
500 71.156404 
501 71.156188 
502 71.155976 
503 71.155768 
504 71.155565 
505 71.155365 
506 71.155168 
507 71.154976 
508 71.154787 
509 71.154601 
510 71.154419 
511 71.154240 
512 71.154065 
513 71.153893 
514 71.153725 
515 71.153559 
516 71.153397 
517 71.153237 
518 71.153081 
519 71.152928 
520 71.152777 
521 71.152629 
522 71.152484 
523 71.152342 
524 71.152203 
525 71.152066 
526 71.151932 
527 71.151800 
528 71.151671 
529 71.151544 
530 71.151420 
531 71.151298 
532 71.151178 
533 71.151061 
534 71.150946 
535 71.150833 
536 71.150722 
537 71.150613 
538 71.150506 
539 71.150402 
540 71.150299 
541 71.150198 
542 71.150100 
543 71.150003 
544 71.149908 
545 71.149814 
546 71.149723 
547 71.149633 
548 71.149545 
549 71.149459 
550 71.149374 
551 71.149291 
552 71.149210 
553 71.149130 
554 71.149052 
555 71.148975 
556 71.148900 
557 71.148826 
558 71.148753 
559 71.148682 
560 71.148613 
561 71.148544 
562 71.148477 
563 71.148412 
564 71.148347 
565 71.148284 
566 71.148222 
567 71.148161 
568 71.148102 
569 71.148043 
570 71.147986 
571 71.147930 
572 71.147875 
573 71.147821 
574 71.147768 
575 71.147716 
576 71.147665 
577 71.147615 
578 71.147566 
579 71.147518 
580 71.147471 
581 71.147425 
582 71.147379 
583 71.147335 
584 71.147292 
585 71.147249 
586 71.147207 
587 71.147166 
588 71.147126 
589 71.147087 
590 71.147048 
591 71.147011 
592 71.146973 
593 71.146937 
594 71.146902 
595 71.146867 
596 71.146832 
597 71.146799 
598 71.146766 
599 71.146734 
600 71.146702 
601 71.146671 
602 71.146641 
603 71.146612 
604 71.146582 
605 71.146554 
606 71.146526 
607 71.146499 
608 71.146472 
609 71.146446 
610 71.146420 
611 71.146395 
612 71.146370 
613 71.146346 
614 71.146322 
615 71.146299 
616 71.146276 
617 71.146254 
618 71.146232 
619 71.146210 
620 71.146189 
621 71.146169 
622 71.146149 
623 71.146129 
624 71.146110 
625 71.146091 
626 71.146073 
627 71.146054 
628 71.146037 
629 71.146019 
630 71.146002 
631 71.145986 
632 71.145969 
633 71.145953 
634 71.145938 
635 71.145922 
636 71.145907 
637 71.145893 
638 71.145878 
639 71.145864 
640 71.145851 
641 71.145837 
642 71.145824 
643 71.145811 
644 71.145798 
645 71.145786 
646 71.145774 
647 71.145762 
648 71.145751 
649 71.145739 
650 71.145728 
651 71.145717 
652 71.145707 
653 71.145696 
654 71.145686 
655 71.145676 
656 71.145667 
657 71.145657 
658 71.145648 
659 71.145639 
660 71.145630 
661 71.145621 
662 71.145613 
663 71.145604 
664 71.145596 
665 71.145588 
666 71.145581 
667 71.145573 
668 71.145566 
669 71.145558 
670 71.145551 
671 71.145544 
672 71.145538 
673 71.145531 
674 71.145524 
675 71.145518 
676 71.145512 
677 71.145506 
678 71.145500 
679 71.145494 
680 71.145489 
681 71.145483 
682 71.145478 
683 71.145473 
684 71.145468 
685 71.145463 
686 71.145458 
687 71.145453 
688 71.145448 
689 71.145444 
690 71.145439 
691 71.145435 
692 71.145431 
693 71.145427 
694 71.145423 
695 71.145419 
696 71.145415 
697 71.145412 
698 71.145408 
699 71.145404 
700 71.145401 
701 71.145398 
702 71.145394 
703 71.145391 
704 71.145388 
705 71.145385 
706 71.145382 
707 71.145379 
708 71.145377 
709 71.145374 
710 71.145371 
711 71.145369 
712 71.145366 
713 71.145364 
714 71.145361 
715 71.145359 
716 71.145357 
717 71.145355 
718 71.145353 
719 71.145350 
720 71.145348 
721 71.145347 
722 71.145345 
723 71.145343 
724 71.145341 
725 71.145339 
726 71.145338 
727 71.145336 
728 71.145335 
729 71.145333 
730 71.145332 
731 71.145330 
732 71.145329 
733 71.145327 
734 71.145326 
735 71.145325 
736 71.145324 
737 71.145322 
738 71.145321 
739 71.145320 
740 71.145319 
741 71.145318 
742 71.145317 
743 71.145316 
744 71.145315 
745 71.145314 
746 71.145314 
747 71.145313 
748 71.145312 
749 71.145311 
750 71.145310 
751 71.145310 
