1 2275.319971 
2 1655.049871 
3 1374.755619 
4 1205.551225 
5 1088.754490 
6 1001.654286 
7 933.343090 
8 877.832534 
9 831.518896 
10 792.083270 
11 757.955172 
12 728.027156 
13 701.492320 
14 677.746614 
15 656.327442 
16 636.873585 
17 619.098223 
18 602.770254 
19 587.701065 
20 573.734947 
21 560.742045 
22 548.613067 
23 537.255264 
24 526.589331 
25 516.546998 
26 507.069118 
27 498.104155 
28 489.606967 
29 481.537813 
30 473.861552 
31 466.546972 
32 459.566248 
33 452.894476 
34 446.509292 
35 440.390546 
36 434.520029 
37 428.881236 
38 423.459166 
39 418.240152 
40 413.211708 
41 408.362403 
42 403.681751 
43 399.160106 
44 394.788584 
45 390.558982 
46 386.463716 
47 382.495759 
48 378.648592 
49 374.916155 
50 371.292807 
51 367.773291 
52 364.352699 
53 361.026443 
54 357.790230 
55 354.640035 
56 351.572084 
57 348.582830 
58 345.668939 
59 342.827270 
60 340.054867 
61 337.348937 
62 334.706847 
63 332.126105 
64 329.604355 
65 327.139368 
66 324.729029 
67 322.371333 
68 320.064379 
69 317.806357 
70 315.595551 
71 313.430326 
72 311.309125 
73 309.230467 
74 307.192938 
75 305.195190 
76 303.235937 
77 301.313950 
78 299.428054 
79 297.577126 
80 295.760092 
81 293.975923 
82 292.223634 
83 290.502280 
84 288.810957 
85 287.148795 
86 285.514960 
87 283.908653 
88 282.329104 
89 280.775574 
90 279.247352 
91 277.743753 
92 276.264121 
93 274.807821 
94 273.374243 
95 271.962798 
96 270.572920 
97 269.204061 
98 267.855695 
99 266.527312 
100 265.218420 
101 263.928545 
102 262.657229 
103 261.404028 
104 260.168513 
105 258.950270 
106 257.748899 
107 256.564011 
108 255.395231 
109 254.242195 
110 253.104551 
111 251.981958 
112 250.874085 
113 249.780612 
114 248.701228 
115 247.635631 
116 246.583529 
117 245.544638 
118 244.518682 
119 243.505394 
120 242.504514 
121 241.515789 
122 240.538975 
123 239.573833 
124 238.620131 
125 237.677644 
126 236.746152 
127 235.825443 
128 234.915309 
129 234.015549 
130 233.125965 
131 232.246367 
132 231.376568 
133 230.516387 
134 229.665647 
135 228.824176 
136 227.991805 
137 227.168372 
138 226.353717 
139 225.547684 
140 224.750121 
141 223.960881 
142 223.179820 
143 222.406795 
144 221.641670 
145 220.884311 
146 220.134586 
147 219.392368 
148 218.657531 
149 217.929954 
150 217.209516 
151 216.496103 
152 215.789599 
153 215.089894 
154 214.396878 
155 213.710446 
156 213.030493 
157 212.356918 
158 211.689620 
159 211.028504 
160 210.373472 
161 209.724434 
162 209.081296 
163 208.443970 
164 207.812369 
165 207.186406 
166 206.565999 
167 205.951065 
168 205.341524 
169 204.737297 
170 204.138307 
171 203.544479 
172 202.955738 
173 202.372012 
174 201.793230 
175 201.219323 
176 200.650221 
177 200.085858 
178 199.526169 
179 198.971088 
180 198.420553 
181 197.874502 
182 197.332874 
183 196.795610 
184 196.262650 
185 195.733938 
186 195.209416 
187 194.689031 
188 194.172727 
189 193.660452 
190 193.152152 
191 192.647777 
192 192.147276 
193 191.650599 
194 191.157699 
195 190.668527 
196 190.183036 
197 189.701180 
198 189.222914 
199 188.748193 
200 188.276973 
201 187.809212 
202 187.344868 
203 186.883898 
204 186.426262 
205 185.971920 
206 185.520832 
207 185.072959 
208 184.628264 
209 184.186708 
210 183.748255 
211 183.312869 
212 182.880514 
213 182.451154 
214 182.024756 
215 181.601284 
216 181.180707 
217 180.762990 
218 180.348101 
219 179.936009 
220 179.526682 
221 179.120089 
222 178.716200 
223 178.314985 
224 177.916414 
225 177.520458 
226 177.127089 
227 176.736279 
228 176.348000 
229 175.962224 
230 175.578925 
231 175.198076 
232 174.819651 
233 174.443625 
234 174.069972 
235 173.698667 
236 173.329686 
237 172.963004 
238 172.598598 
239 172.236444 
240 171.876518 
241 171.518799 
242 171.163263 
243 170.809889 
244 170.458654 
245 170.109537 
246 169.762516 
247 169.417571 
248 169.074681 
249 168.733826 
250 168.394985 
251 168.058139 
252 167.723268 
253 167.390353 
254 167.059374 
255 166.730314 
256 166.403153 
257 166.077874 
258 165.754458 
259 165.432887 
260 165.113145 
261 164.795213 
262 164.479075 
263 164.164713 
264 163.852112 
265 163.541254 
266 163.232124 
267 162.924706 
268 162.618984 
269 162.314942 
270 162.012564 
271 161.711837 
272 161.412744 
273 161.115271 
274 160.819404 
275 160.525127 
276 160.232428 
277 159.941291 
278 159.651703 
279 159.363650 
280 159.077118 
281 158.792095 
282 158.508567 
283 158.226521 
284 157.945943 
285 157.666823 
286 157.389146 
287 157.112900 
288 156.838074 
289 156.564654 
290 156.292630 
291 156.021989 
292 155.752719 
293 155.484810 
294 155.218249 
295 154.953025 
296 154.689128 
297 154.426545 
298 154.165267 
299 153.905283 
300 153.646581 
301 153.389152 
302 153.132984 
303 152.878069 
304 152.624395 
305 152.371952 
306 152.120731 
307 151.870722 
308 151.621915 
309 151.374301 
310 151.127869 
311 150.882612 
312 150.638519 
313 150.395581 
314 150.153789 
315 149.913134 
316 149.673608 
317 149.435202 
318 149.197906 
319 148.961713 
320 148.726613 
321 148.492600 
322 148.259663 
323 148.027795 
324 147.796989 
325 147.567235 
326 147.338526 
327 147.110854 
328 146.884212 
329 146.658591 
330 146.433984 
331 146.210383 
332 145.987782 
333 145.766172 
334 145.545547 
335 145.325898 
336 145.107220 
337 144.889504 
338 144.672745 
339 144.456934 
340 144.242066 
341 144.028133 
342 143.815129 
343 143.603046 
344 143.391879 
345 143.181622 
346 142.972266 
347 142.763807 
348 142.556237 
349 142.349551 
350 142.143743 
351 141.938806 
352 141.734733 
353 141.531520 
354 141.329161 
355 141.127648 
356 140.926978 
357 140.727143 
358 140.528138 
359 140.329957 
360 140.132595 
361 139.936047 
362 139.740306 
363 139.545368 
364 139.351226 
365 139.157877 
366 138.965313 
367 138.773531 
368 138.582524 
369 138.392288 
370 138.202818 
371 138.014109 
372 137.826155 
373 137.638952 
374 137.452495 
375 137.266779 
376 137.081799 
377 136.897551 
378 136.714029 
379 136.531230 
380 136.349147 
381 136.167778 
382 135.987117 
383 135.807160 
384 135.627902 
385 135.449339 
386 135.271467 
387 135.094281 
388 134.917777 
389 134.741950 
390 134.566797 
391 134.392314 
392 134.218495 
393 134.045338 
394 133.872838 
395 133.700990 
396 133.529792 
397 133.359238 
398 133.189326 
399 133.020050 
400 132.851408 
401 132.683396 
402 132.516009 
403 132.349245 
404 132.183098 
405 132.017566 
406 131.852645 
407 131.688332 
408 131.524622 
409 131.361512 
410 131.198999 
411 131.037079 
412 130.875748 
413 130.715004 
414 130.554842 
415 130.395260 
416 130.236254 
417 130.077821 
418 129.919957 
419 129.762660 
420 129.605925 
421 129.449750 
422 129.294132 
423 129.139067 
424 128.984552 
425 128.830584 
426 128.677160 
427 128.524278 
428 128.371933 
429 128.220124 
430 128.068846 
431 127.918098 
432 127.767875 
433 127.618176 
434 127.468997 
435 127.320336 
436 127.172189 
437 127.024554 
438 126.877428 
439 126.730809 
440 126.584693 
441 126.439077 
442 126.293960 
443 126.149339 
444 126.005210 
445 125.861571 
446 125.718420 
447 125.575754 
448 125.433570 
449 125.291866 
450 125.150639 
451 125.009887 
452 124.869607 
453 124.729798 
454 124.590455 
455 124.451578 
456 124.313163 
457 124.175208 
458 124.037710 
459 123.900669 
460 123.764080 
461 123.627942 
462 123.492252 
463 123.357009 
464 123.222209 
465 123.087851 
466 122.953933 
467 122.820451 
468 122.687405 
469 122.554791 
470 122.422608 
471 122.290854 
472 122.159526 
473 122.028622 
474 121.898140 
475 121.768078 
476 121.638434 
477 121.509206 
478 121.380392 
479 121.251990 
480 121.123997 
481 120.996413 
482 120.869234 
483 120.742459 
484 120.616086 
485 120.490113 
486 120.364538 
487 120.239360 
488 120.114575 
489 119.990184 
490 119.866182 
491 119.742570 
492 119.619344 
493 119.496503 
494 119.374045 
495 119.251969 
496 119.130273 
497 119.008954 
498 118.888011 
499 118.767443 
500 118.647247 
501 118.527422 
502 118.407967 
503 118.288879 
504 118.170156 
505 118.051798 
506 117.933802 
507 117.816167 
508 117.698891 
509 117.581973 
510 117.465410 
511 117.349202 
512 117.233347 
513 117.117842 
514 117.002688 
515 116.887881 
516 116.773420 
517 116.659305 
518 116.545533 
519 116.432102 
520 116.319012 
521 116.206261 
522 116.093847 
523 115.981769 
524 115.870026 
525 115.758615 
526 115.647536 
527 115.536787 
528 115.426366 
529 115.316273 
530 115.206506 
531 115.097062 
532 114.987942 
533 114.879144 
534 114.770665 
535 114.662506 
536 114.554664 
537 114.447138 
538 114.339927 
539 114.233030 
540 114.126445 
541 114.020170 
542 113.914205 
543 113.808549 
544 113.703199 
545 113.598155 
546 113.493416 
547 113.388980 
548 113.284845 
549 113.181012 
550 113.077477 
551 112.974241 
552 112.871302 
553 112.768659 
554 112.666310 
555 112.564255 
556 112.462492 
557 112.361020 
558 112.259837 
559 112.158943 
560 112.058337 
561 111.958017 
562 111.857983 
563 111.758232 
564 111.658764 
565 111.559578 
566 111.460673 
567 111.362047 
568 111.263700 
569 111.165630 
570 111.067836 
571 110.970318 
572 110.873073 
573 110.776102 
574 110.679403 
575 110.582974 
576 110.486815 
577 110.390925 
578 110.295303 
579 110.199948 
580 110.104858 
581 110.010033 
582 109.915472 
583 109.821173 
584 109.727136 
585 109.633360 
586 109.539843 
587 109.446585 
588 109.353585 
589 109.260841 
590 109.168354 
591 109.076121 
592 108.984141 
593 108.892415 
594 108.800941 
595 108.709717 
596 108.618744 
597 108.528020 
598 108.437544 
599 108.347316 
600 108.257333 
601 108.167597 
602 108.078104 
603 107.988856 
604 107.899850 
605 107.811086 
606 107.722563 
607 107.634281 
608 107.546237 
609 107.458432 
610 107.370865 
611 107.283534 
612 107.196439 
613 107.109579 
614 107.022953 
615 106.936560 
616 106.850400 
617 106.764472 
618 106.678774 
619 106.593306 
620 106.508067 
621 106.423057 
622 106.338274 
623 106.253718 
624 106.169388 
625 106.085283 
626 106.001403 
627 105.917746 
628 105.834311 
629 105.751099 
630 105.668108 
631 105.585338 
632 105.502787 
633 105.420455 
634 105.338341 
635 105.256445 
636 105.174765 
637 105.093302 
638 105.012053 
639 104.931019 
640 104.850199 
641 104.769592 
642 104.689197 
643 104.609013 
644 104.529041 
645 104.449278 
646 104.369725 
647 104.290380 
648 104.211244 
649 104.132315 
650 104.053592 
651 103.975075 
652 103.896764 
653 103.818657 
654 103.740754 
655 103.663054 
656 103.585557 
657 103.508261 
658 103.431167 
659 103.354273 
660 103.277578 
661 103.201083 
662 103.124787 
663 103.048688 
664 102.972787 
665 102.897082 
666 102.821573 
667 102.746259 
668 102.671140 
669 102.596215 
670 102.521484 
671 102.446945 
672 102.372598 
673 102.298443 
674 102.224479 
675 102.150705 
676 102.077120 
677 102.003725 
678 101.930518 
679 101.857499 
680 101.784667 
681 101.712022 
682 101.639563 
683 101.567289 
684 101.495200 
685 101.423296 
686 101.351575 
687 101.280038 
688 101.208683 
689 101.137509 
690 101.066518 
691 100.995707 
692 100.925076 
693 100.854625 
694 100.784354 
695 100.714260 
696 100.644345 
697 100.574607 
698 100.505047 
699 100.435662 
700 100.366454 
701 100.297420 
702 100.228562 
703 100.159877 
704 100.091366 
705 100.023029 
706 99.954864 
707 99.886871 
708 99.819049 
709 99.751399 
710 99.683919 
711 99.616609 
712 99.549469 
713 99.482497 
714 99.415694 
715 99.349059 
716 99.282591 
717 99.216290 
718 99.150155 
719 99.084187 
720 99.018383 
721 98.952745 
722 98.887271 
723 98.821961 
724 98.756814 
725 98.691830 
726 98.627009 
727 98.562350 
728 98.497852 
729 98.433515 
730 98.369339 
731 98.305322 
732 98.241466 
733 98.177768 
734 98.114229 
735 98.050848 
736 97.987625 
737 97.924559 
738 97.861649 
739 97.798897 
740 97.736299 
741 97.673858 
742 97.611571 
743 97.549438 
744 97.487460 
745 97.425635 
746 97.363964 
747 97.302445 
748 97.241078 
749 97.179863 
750 97.118800 
751 97.057887 
752 96.997125 
753 96.936513 
754 96.876050 
755 96.815737 
756 96.755572 
757 96.695556 
758 96.635688 
759 96.575967 
760 96.516393 
761 96.456966 
762 96.397685 
763 96.338549 
764 96.279560 
765 96.220715 
766 96.162014 
767 96.103458 
768 96.045046 
769 95.986777 
770 95.928650 
771 95.870667 
772 95.812825 
773 95.755125 
774 95.697567 
775 95.640149 
776 95.582872 
777 95.525735 
778 95.468737 
779 95.411879 
780 95.355160 
781 95.298580 
782 95.242138 
783 95.185833 
784 95.129666 
785 95.073636 
786 95.017742 
787 94.961985 
788 94.906363 
789 94.850878 
790 94.795527 
791 94.740311 
792 94.685229 
793 94.630281 
794 94.575467 
795 94.520787 
796 94.466239 
797 94.411823 
798 94.357540 
799 94.303389 
800 94.249369 
801 94.195480 
802 94.141722 
803 94.088094 
804 94.034596 
805 93.981228 
806 93.927989 
807 93.874879 
808 93.821897 
809 93.769044 
810 93.716319 
811 93.663721 
812 93.611251 
813 93.558907 
814 93.506690 
815 93.454599 
816 93.402634 
817 93.350794 
818 93.299079 
819 93.247489 
820 93.196024 
821 93.144683 
822 93.093465 
823 93.042372 
824 92.991401 
825 92.940553 
826 92.889827 
827 92.839224 
828 92.788742 
829 92.738382 
830 92.688143 
831 92.638025 
832 92.588027 
833 92.538150 
834 92.488392 
835 92.438754 
836 92.389235 
837 92.339836 
838 92.290554 
839 92.241391 
840 92.192346 
841 92.143419 
842 92.094609 
843 92.045916 
844 91.997340 
845 91.948880 
846 91.900536 
847 91.852309 
848 91.804196 
849 91.756199 
850 91.708317 
851 91.660549 
852 91.612896 
853 91.565356 
854 91.517930 
855 91.470618 
856 91.423419 
857 91.376332 
858 91.329358 
859 91.282496 
860 91.235747 
861 91.189108 
862 91.142581 
863 91.096166 
864 91.049860 
865 91.003666 
866 90.957581 
867 90.911607 
868 90.865742 
869 90.819986 
870 90.774339 
871 90.728801 
872 90.683372 
873 90.638051 
874 90.592837 
875 90.547732 
876 90.502733 
877 90.457842 
878 90.413057 
879 90.368379 
880 90.323808 
881 90.279342 
882 90.234982 
883 90.190727 
884 90.146578 
885 90.102533 
886 90.058593 
887 90.014757 
888 89.971026 
889 89.927398 
890 89.883873 
891 89.840453 
892 89.797135 
893 89.753919 
894 89.710807 
895 89.667796 
896 89.624888 
897 89.582081 
898 89.539375 
899 89.496771 
900 89.454268 
901 89.411865 
902 89.369563 
903 89.327361 
904 89.285259 
905 89.243256 
906 89.201353 
907 89.159549 
908 89.117844 
909 89.076238 
910 89.034730 
911 88.993320 
912 88.952008 
913 88.910793 
914 88.869676 
915 88.828657 
916 88.787734 
917 88.746907 
918 88.706178 
919 88.665544 
920 88.625006 
921 88.584564 
922 88.544218 
923 88.503966 
924 88.463810 
925 88.423748 
926 88.383781 
927 88.343908 
928 88.304129 
929 88.264444 
930 88.224853 
931 88.185354 
932 88.145949 
933 88.106637 
934 88.067417 
935 88.028290 
936 87.989255 
937 87.950311 
938 87.911460 
939 87.872700 
940 87.834031 
941 87.795453 
942 87.756966 
943 87.718569 
944 87.680263 
945 87.642047 
946 87.603921 
947 87.565884 
948 87.527937 
949 87.490079 
950 87.452310 
951 87.414630 
952 87.377038 
953 87.339535 
954 87.302120 
955 87.264792 
956 87.227553 
957 87.190400 
958 87.153335 
959 87.116357 
960 87.079466 
961 87.042662 
962 87.005943 
963 86.969311 
964 86.932765 
965 86.896305 
966 86.859930 
967 86.823641 
968 86.787436 
969 86.751317 
970 86.715282 
971 86.679332 
972 86.643466 
973 86.607684 
974 86.571985 
975 86.536371 
976 86.500840 
977 86.465392 
978 86.430027 
979 86.394745 
980 86.359546 
981 86.324429 
982 86.289394 
983 86.254441 
984 86.219570 
985 86.184781 
986 86.150073 
987 86.115447 
988 86.080901 
989 86.046436 
990 86.012052 
991 85.977748 
992 85.943525 
993 85.909381 
994 85.875318 
995 85.841333 
996 85.807429 
997 85.773604 
998 85.739857 
999 85.706190 
1000 85.672601 
1001 85.639091 
1002 85.605659 
1003 85.572305 
1004 85.539029 
1005 85.505831 
1006 85.472710 
1007 85.439667 
1008 85.406701 
1009 85.373811 
1010 85.340999 
1011 85.308263 
1012 85.275604 
1013 85.243020 
1014 85.210513 
1015 85.178082 
1016 85.145726 
1017 85.113446 
1018 85.081241 
1019 85.049111 
1020 85.017056 
1021 84.985076 
1022 84.953171 
1023 84.921340 
1024 84.889583 
1025 84.857900 
1026 84.826291 
1027 84.794756 
1028 84.763294 
1029 84.731905 
1030 84.700590 
1031 84.669347 
1032 84.638178 
1033 84.607081 
1034 84.576056 
1035 84.545104 
1036 84.514224 
1037 84.483415 
1038 84.452679 
1039 84.422014 
1040 84.391420 
1041 84.360898 
1042 84.330447 
1043 84.300066 
1044 84.269757 
1045 84.239517 
1046 84.209349 
1047 84.179250 
1048 84.149221 
1049 84.119263 
1050 84.089374 
1051 84.059554 
1052 84.029804 
1053 84.000123 
1054 83.970511 
1055 83.940968 
1056 83.911494 
1057 83.882088 
1058 83.852751 
1059 83.823482 
1060 83.794281 
1061 83.765147 
1062 83.736082 
1063 83.707084 
1064 83.678153 
1065 83.649290 
1066 83.620494 
1067 83.591764 
1068 83.563102 
1069 83.534506 
1070 83.505976 
1071 83.477513 
1072 83.449115 
1073 83.420784 
1074 83.392519 
1075 83.364319 
1076 83.336185 
1077 83.308116 
1078 83.280112 
1079 83.252173 
1080 83.224299 
1081 83.196490 
1082 83.168745 
1083 83.141065 
1084 83.113449 
1085 83.085897 
1086 83.058409 
1087 83.030984 
1088 83.003624 
1089 82.976327 
1090 82.949093 
1091 82.921922 
1092 82.894815 
1093 82.867770 
1094 82.840788 
1095 82.813869 
1096 82.787012 
1097 82.760217 
1098 82.733485 
1099 82.706814 
1100 82.680205 
1101 82.653658 
1102 82.627173 
1103 82.600749 
1104 82.574386 
1105 82.548084 
1106 82.521844 
1107 82.495664 
1108 82.469544 
1109 82.443486 
1110 82.417487 
1111 82.391549 
1112 82.365671 
1113 82.339853 
1114 82.314095 
1115 82.288397 
1116 82.262758 
1117 82.237178 
1118 82.211658 
1119 82.186197 
1120 82.160794 
1121 82.135451 
1122 82.110166 
1123 82.084940 
1124 82.059772 
1125 82.034663 
1126 82.009611 
1127 81.984618 
1128 81.959683 
1129 81.934805 
1130 81.909985 
1131 81.885222 
1132 81.860517 
1133 81.835868 
1134 81.811277 
1135 81.786743 
1136 81.762266 
1137 81.737845 
1138 81.713481 
1139 81.689173 
1140 81.664921 
1141 81.640725 
1142 81.616586 
1143 81.592502 
1144 81.568474 
1145 81.544502 
1146 81.520585 
1147 81.496723 
1148 81.472917 
1149 81.449165 
1150 81.425469 
1151 81.401827 
1152 81.378240 
1153 81.354708 
1154 81.331230 
1155 81.307806 
1156 81.284436 
1157 81.261121 
1158 81.237859 
1159 81.214651 
1160 81.191497 
1161 81.168396 
1162 81.145349 
1163 81.122355 
1164 81.099414 
1165 81.076526 
1166 81.053691 
1167 81.030909 
1168 81.008180 
1169 80.985503 
1170 80.962878 
1171 80.940306 
1172 80.917786 
1173 80.895318 
1174 80.872901 
1175 80.850537 
1176 80.828224 
1177 80.805963 
1178 80.783753 
1179 80.761595 
1180 80.739488 
1181 80.717431 
1182 80.695426 
1183 80.673472 
1184 80.651568 
1185 80.629715 
1186 80.607912 
1187 80.586160 
1188 80.564458 
1189 80.542806 
1190 80.521204 
1191 80.499652 
1192 80.478149 
1193 80.456696 
1194 80.435293 
1195 80.413940 
1196 80.392635 
1197 80.371380 
1198 80.350174 
1199 80.329016 
1200 80.307908 
1201 80.286848 
1202 80.265837 
1203 80.244874 
1204 80.223960 
1205 80.203094 
1206 80.182277 
1207 80.161507 
1208 80.140785 
1209 80.120111 
1210 80.099485 
1211 80.078906 
1212 80.058375 
1213 80.037891 
1214 80.017454 
1215 79.997065 
1216 79.976722 
1217 79.956427 
1218 79.936178 
1219 79.915976 
1220 79.895821 
1221 79.875712 
1222 79.855650 
1223 79.835634 
1224 79.815664 
1225 79.795740 
1226 79.775862 
1227 79.756029 
1228 79.736243 
1229 79.716502 
1230 79.696807 
1231 79.677157 
1232 79.657553 
1233 79.637993 
1234 79.618479 
1235 79.599010 
1236 79.579585 
1237 79.560206 
1238 79.540871 
1239 79.521581 
1240 79.502335 
1241 79.483133 
1242 79.463976 
1243 79.444863 
1244 79.425794 
1245 79.406769 
1246 79.387788 
1247 79.368851 
1248 79.349957 
1249 79.331107 
1250 79.312300 
1251 79.293536 
1252 79.274816 
1253 79.256139 
1254 79.237505 
1255 79.218914 
1256 79.200366 
1257 79.181860 
1258 79.163398 
1259 79.144977 
1260 79.126599 
1261 79.108264 
1262 79.089971 
1263 79.071720 
1264 79.053511 
1265 79.035343 
1266 79.017218 
1267 78.999135 
1268 78.981093 
1269 78.963093 
1270 78.945134 
1271 78.927216 
1272 78.909340 
1273 78.891505 
1274 78.873711 
1275 78.855959 
1276 78.838247 
1277 78.820575 
1278 78.802945 
1279 78.785355 
1280 78.767806 
1281 78.750297 
1282 78.732828 
1283 78.715399 
1284 78.698011 
1285 78.680663 
1286 78.663355 
1287 78.646086 
1288 78.628858 
1289 78.611669 
1290 78.594519 
1291 78.577409 
1292 78.560339 
1293 78.543307 
1294 78.526315 
1295 78.509362 
1296 78.492449 
1297 78.475574 
1298 78.458738 
1299 78.441940 
1300 78.425182 
1301 78.408462 
1302 78.391780 
1303 78.375137 
1304 78.358532 
1305 78.341965 
1306 78.325437 
1307 78.308946 
1308 78.292494 
1309 78.276079 
1310 78.259702 
1311 78.243363 
1312 78.227062 
1313 78.210798 
1314 78.194571 
1315 78.178382 
1316 78.162230 
1317 78.146115 
1318 78.130037 
1319 78.113996 
1320 78.097993 
1321 78.082026 
1322 78.066095 
1323 78.050202 
1324 78.034345 
1325 78.018524 
1326 78.002740 
1327 77.986992 
1328 77.971281 
1329 77.955605 
1330 77.939966 
1331 77.924362 
1332 77.908795 
1333 77.893263 
1334 77.877767 
1335 77.862307 
1336 77.846882 
1337 77.831493 
1338 77.816139 
1339 77.800821 
1340 77.785537 
1341 77.770289 
1342 77.755076 
1343 77.739898 
1344 77.724755 
1345 77.709647 
1346 77.694573 
1347 77.679534 
1348 77.664530 
1349 77.649560 
1350 77.634625 
1351 77.619724 
1352 77.604857 
1353 77.590025 
1354 77.575226 
1355 77.560462 
1356 77.545731 
1357 77.531035 
1358 77.516372 
1359 77.501743 
1360 77.487148 
1361 77.472586 
1362 77.458057 
1363 77.443563 
1364 77.429101 
1365 77.414673 
1366 77.400277 
1367 77.385915 
1368 77.371586 
1369 77.357290 
1370 77.343027 
1371 77.328797 
1372 77.314599 
1373 77.300434 
1374 77.286301 
1375 77.272201 
1376 77.258134 
1377 77.244099 
1378 77.230096 
1379 77.216125 
1380 77.202186 
1381 77.188280 
1382 77.174405 
1383 77.160562 
1384 77.146751 
1385 77.132972 
1386 77.119225 
1387 77.105509 
1388 77.091824 
1389 77.078171 
1390 77.064550 
1391 77.050960 
1392 77.037401 
1393 77.023873 
1394 77.010376 
1395 76.996910 
1396 76.983476 
1397 76.970072 
1398 76.956699 
1399 76.943357 
1400 76.930045 
1401 76.916764 
1402 76.903513 
1403 76.890293 
1404 76.877104 
1405 76.863944 
1406 76.850815 
1407 76.837716 
1408 76.824647 
1409 76.811608 
1410 76.798600 
1411 76.785621 
1412 76.772671 
1413 76.759752 
1414 76.746862 
1415 76.734002 
1416 76.721172 
1417 76.708371 
1418 76.695599 
1419 76.682857 
1420 76.670144 
1421 76.657460 
1422 76.644806 
1423 76.632180 
1424 76.619584 
1425 76.607016 
1426 76.594477 
1427 76.581967 
1428 76.569486 
1429 76.557034 
1430 76.544610 
1431 76.532214 
1432 76.519848 
1433 76.507509 
1434 76.495199 
1435 76.482917 
1436 76.470664 
1437 76.458438 
1438 76.446241 
1439 76.434072 
1440 76.421930 
1441 76.409817 
1442 76.397731 
1443 76.385673 
1444 76.373643 
1445 76.361640 
1446 76.349665 
1447 76.337718 
1448 76.325798 
1449 76.313905 
1450 76.302040 
1451 76.290202 
1452 76.278391 
1453 76.266607 
1454 76.254851 
1455 76.243121 
1456 76.231418 
1457 76.219742 
1458 76.208093 
1459 76.196471 
1460 76.184876 
1461 76.173307 
1462 76.161764 
1463 76.150248 
1464 76.138759 
1465 76.127296 
1466 76.115859 
1467 76.104449 
1468 76.093065 
1469 76.081707 
1470 76.070375 
1471 76.059069 
1472 76.047789 
1473 76.036535 
1474 76.025306 
1475 76.014104 
1476 76.002927 
1477 75.991776 
1478 75.980651 
1479 75.969551 
1480 75.958476 
1481 75.947427 
1482 75.936404 
1483 75.925406 
1484 75.914433 
1485 75.903485 
1486 75.892562 
1487 75.881664 
1488 75.870792 
1489 75.859944 
1490 75.849122 
1491 75.838324 
1492 75.827551 
1493 75.816802 
1494 75.806079 
1495 75.795380 
1496 75.784705 
1497 75.774055 
1498 75.763430 
1499 75.752829 
1500 75.742252 
1501 75.731700 
1502 75.721171 
1503 75.710667 
1504 75.700187 
1505 75.689731 
1506 75.679300 
1507 75.668892 
1508 75.658508 
1509 75.648147 
1510 75.637811 
1511 75.627498 
1512 75.617209 
1513 75.606944 
1514 75.596702 
1515 75.586484 
1516 75.576289 
1517 75.566118 
1518 75.555970 
1519 75.545845 
1520 75.535744 
1521 75.525665 
1522 75.515610 
1523 75.505578 
1524 75.495569 
1525 75.485583 
1526 75.475620 
1527 75.465679 
1528 75.455762 
1529 75.445867 
1530 75.435995 
1531 75.426146 
1532 75.416319 
1533 75.406515 
1534 75.396733 
1535 75.386974 
1536 75.377237 
1537 75.367523 
1538 75.357831 
1539 75.348161 
1540 75.338513 
1541 75.328888 
1542 75.319284 
1543 75.309703 
1544 75.300143 
1545 75.290606 
1546 75.281090 
1547 75.271596 
1548 75.262125 
1549 75.252674 
1550 75.243246 
1551 75.233839 
1552 75.224454 
1553 75.215090 
1554 75.205748 
1555 75.196427 
1556 75.187127 
1557 75.177849 
1558 75.168593 
1559 75.159357 
1560 75.150143 
1561 75.140950 
1562 75.131778 
1563 75.122626 
1564 75.113496 
1565 75.104387 
1566 75.095299 
1567 75.086232 
1568 75.077185 
1569 75.068160 
1570 75.059155 
1571 75.050170 
1572 75.041207 
1573 75.032263 
1574 75.023341 
1575 75.014439 
1576 75.005557 
1577 74.996696 
1578 74.987855 
1579 74.979034 
1580 74.970233 
1581 74.961453 
1582 74.952693 
1583 74.943953 
1584 74.935233 
1585 74.926533 
1586 74.917853 
1587 74.909193 
1588 74.900553 
1589 74.891933 
1590 74.883332 
1591 74.874751 
1592 74.866190 
1593 74.857649 
1594 74.849127 
1595 74.840624 
1596 74.832141 
1597 74.823678 
1598 74.815234 
1599 74.806810 
1600 74.798404 
1601 74.790018 
1602 74.781652 
1603 74.773304 
1604 74.764976 
1605 74.756667 
1606 74.748376 
1607 74.740105 
1608 74.731853 
1609 74.723620 
1610 74.715406 
1611 74.707210 
1612 74.699033 
1613 74.690875 
1614 74.682736 
1615 74.674616 
1616 74.666514 
1617 74.658431 
1618 74.650366 
1619 74.642320 
1620 74.634292 
1621 74.626282 
1622 74.618291 
1623 74.610319 
1624 74.602364 
1625 74.594428 
1626 74.586510 
1627 74.578611 
1628 74.570729 
1629 74.562866 
1630 74.555020 
1631 74.547193 
1632 74.539383 
1633 74.531592 
1634 74.523818 
1635 74.516062 
1636 74.508324 
1637 74.500603 
1638 74.492901 
1639 74.485216 
1640 74.477549 
1641 74.469899 
1642 74.462267 
1643 74.454652 
1644 74.447055 
1645 74.439475 
1646 74.431913 
1647 74.424368 
1648 74.416840 
1649 74.409330 
1650 74.401836 
1651 74.394360 
1652 74.386901 
1653 74.379460 
1654 74.372035 
1655 74.364627 
1656 74.357237 
1657 74.349863 
1658 74.342506 
1659 74.335166 
1660 74.327843 
1661 74.320537 
1662 74.313248 
1663 74.305975 
1664 74.298719 
1665 74.291479 
1666 74.284256 
1667 74.277050 
1668 74.269860 
1669 74.262687 
1670 74.255530 
1671 74.248390 
1672 74.241266 
1673 74.234158 
1674 74.227067 
1675 74.219992 
1676 74.212933 
1677 74.205891 
1678 74.198864 
1679 74.191854 
1680 74.184860 
1681 74.177881 
1682 74.170919 
1683 74.163973 
1684 74.157043 
1685 74.150128 
1686 74.143230 
1687 74.136347 
1688 74.129480 
1689 74.122629 
1690 74.115793 
1691 74.108973 
1692 74.102169 
1693 74.095381 
1694 74.088608 
1695 74.081850 
1696 74.075108 
1697 74.068382 
1698 74.061671 
1699 74.054975 
1700 74.048295 
1701 74.041630 
1702 74.034980 
1703 74.028346 
1704 74.021727 
1705 74.015123 
1706 74.008534 
1707 74.001960 
1708 73.995402 
1709 73.988858 
1710 73.982329 
1711 73.975816 
1712 73.969317 
1713 73.962833 
1714 73.956364 
1715 73.949910 
1716 73.943471 
1717 73.937046 
1718 73.930637 
1719 73.924242 
1720 73.917861 
1721 73.911496 
1722 73.905144 
1723 73.898808 
1724 73.892486 
1725 73.886178 
1726 73.879885 
1727 73.873607 
1728 73.867342 
1729 73.861092 
1730 73.854857 
1731 73.848636 
1732 73.842429 
1733 73.836236 
1734 73.830057 
1735 73.823893 
1736 73.817743 
1737 73.811607 
1738 73.805485 
1739 73.799377 
1740 73.793283 
1741 73.787203 
1742 73.781137 
1743 73.775085 
1744 73.769046 
1745 73.763022 
1746 73.757011 
1747 73.751015 
1748 73.745032 
1749 73.739062 
1750 73.733107 
1751 73.727165 
1752 73.721236 
1753 73.715322 
1754 73.709420 
1755 73.703533 
1756 73.697659 
1757 73.691798 
1758 73.685951 
1759 73.680117 
1760 73.674297 
1761 73.668490 
1762 73.662696 
1763 73.656915 
1764 73.651148 
1765 73.645394 
1766 73.639653 
1767 73.633926 
1768 73.628211 
1769 73.622510 
1770 73.616822 
1771 73.611146 
1772 73.605484 
1773 73.599835 
1774 73.594199 
1775 73.588575 
1776 73.582965 
1777 73.577367 
1778 73.571782 
1779 73.566211 
1780 73.560651 
1781 73.555105 
1782 73.549571 
1783 73.544050 
1784 73.538542 
1785 73.533046 
1786 73.527563 
1787 73.522093 
1788 73.516635 
1789 73.511189 
1790 73.505756 
1791 73.500336 
1792 73.494928 
1793 73.489532 
1794 73.484149 
1795 73.478778 
1796 73.473419 
1797 73.468073 
1798 73.462739 
1799 73.457417 
1800 73.452107 
1801 73.446810 
1802 73.441524 
1803 73.436251 
1804 73.430990 
1805 73.425741 
1806 73.420504 
1807 73.415279 
1808 73.410066 
1809 73.404865 
1810 73.399676 
1811 73.394499 
1812 73.389334 
1813 73.384180 
1814 73.379038 
1815 73.373908 
1816 73.368790 
1817 73.363684 
1818 73.358589 
1819 73.353506 
1820 73.348435 
1821 73.343375 
1822 73.338327 
1823 73.333291 
1824 73.328266 
1825 73.323252 
1826 73.318251 
1827 73.313260 
1828 73.308281 
1829 73.303313 
1830 73.298357 
1831 73.293412 
1832 73.288479 
1833 73.283557 
1834 73.278646 
1835 73.273746 
1836 73.268858 
1837 73.263981 
1838 73.259115 
1839 73.254260 
1840 73.249416 
1841 73.244584 
1842 73.239762 
1843 73.234952 
1844 73.230152 
1845 73.225364 
1846 73.220586 
1847 73.215820 
1848 73.211064 
1849 73.206320 
1850 73.201586 
1851 73.196863 
1852 73.192151 
1853 73.187450 
1854 73.182759 
1855 73.178080 
1856 73.173411 
1857 73.168752 
1858 73.164105 
1859 73.159468 
1860 73.154842 
1861 73.150226 
1862 73.145621 
1863 73.141026 
1864 73.136442 
1865 73.131869 
1866 73.127306 
1867 73.122753 
1868 73.118211 
1869 73.113680 
1870 73.109158 
1871 73.104647 
1872 73.100147 
1873 73.095657 
1874 73.091177 
1875 73.086707 
1876 73.082248 
1877 73.077798 
1878 73.073359 
1879 73.068931 
1880 73.064512 
1881 73.060103 
1882 73.055705 
1883 73.051317 
1884 73.046938 
1885 73.042570 
1886 73.038212 
1887 73.033864 
1888 73.029526 
1889 73.025197 
1890 73.020879 
1891 73.016570 
1892 73.012272 
1893 73.007983 
1894 73.003704 
1895 72.999435 
1896 72.995176 
1897 72.990927 
1898 72.986687 
1899 72.982457 
1900 72.978236 
1901 72.974026 
1902 72.969825 
1903 72.965633 
1904 72.961452 
1905 72.957280 
1906 72.953117 
1907 72.948964 
1908 72.944820 
1909 72.940686 
1910 72.936562 
1911 72.932447 
1912 72.928341 
1913 72.924245 
1914 72.920158 
1915 72.916081 
1916 72.912013 
1917 72.907954 
1918 72.903904 
1919 72.899864 
1920 72.895833 
1921 72.891812 
1922 72.887799 
1923 72.883796 
1924 72.879802 
1925 72.875817 
1926 72.871841 
1927 72.867875 
1928 72.863917 
1929 72.859969 
1930 72.856029 
1931 72.852099 
1932 72.848177 
1933 72.844265 
1934 72.840362 
1935 72.836467 
1936 72.832582 
1937 72.828705 
1938 72.824837 
1939 72.820979 
1940 72.817129 
1941 72.813287 
1942 72.809455 
1943 72.805631 
1944 72.801817 
1945 72.798011 
1946 72.794213 
1947 72.790425 
1948 72.786645 
1949 72.782874 
1950 72.779111 
1951 72.775357 
1952 72.771612 
1953 72.767875 
1954 72.764147 
1955 72.760427 
1956 72.756716 
1957 72.753013 
1958 72.749319 
1959 72.745634 
1960 72.741956 
1961 72.738288 
1962 72.734627 
1963 72.730975 
1964 72.727332 
1965 72.723697 
1966 72.720070 
1967 72.716451 
1968 72.712841 
1969 72.709239 
1970 72.705645 
1971 72.702060 
1972 72.698482 
1973 72.694913 
1974 72.691353 
1975 72.687800 
1976 72.684255 
1977 72.680719 
1978 72.677191 
1979 72.673670 
1980 72.670158 
1981 72.666654 
1982 72.663158 
1983 72.659670 
1984 72.656190 
1985 72.652718 
1986 72.649254 
1987 72.645798 
1988 72.642350 
1989 72.638909 
1990 72.635477 
1991 72.632052 
1992 72.628636 
1993 72.625227 
1994 72.621826 
1995 72.618432 
1996 72.615047 
1997 72.611669 
1998 72.608299 
1999 72.604937 
2000 72.601583 
2001 72.598236 
2002 72.594897 
2003 72.591565 
2004 72.588241 
2005 72.584925 
2006 72.581617 
2007 72.578316 
2008 72.575022 
2009 72.571736 
2010 72.568458 
2011 72.565187 
2012 72.561924 
2013 72.558668 
2014 72.555420 
2015 72.552179 
2016 72.548945 
2017 72.545719 
2018 72.542500 
2019 72.539289 
2020 72.536085 
2021 72.532889 
2022 72.529699 
2023 72.526517 
2024 72.523343 
2025 72.520175 
2026 72.517015 
2027 72.513862 
2028 72.510717 
2029 72.507578 
2030 72.504447 
2031 72.501323 
2032 72.498206 
2033 72.495097 
2034 72.491994 
2035 72.488899 
2036 72.485810 
2037 72.482729 
2038 72.479655 
2039 72.476588 
2040 72.473527 
2041 72.470474 
2042 72.467428 
2043 72.464389 
2044 72.461357 
2045 72.458332 
2046 72.455314 
2047 72.452302 
2048 72.449298 
2049 72.446300 
2050 72.443310 
2051 72.440326 
2052 72.437349 
2053 72.434379 
2054 72.431415 
2055 72.428459 
2056 72.425509 
2057 72.422566 
2058 72.419630 
2059 72.416701 
2060 72.413778 
2061 72.410862 
2062 72.407952 
2063 72.405050 
2064 72.402154 
2065 72.399264 
2066 72.396381 
2067 72.393505 
2068 72.390636 
2069 72.387773 
2070 72.384916 
2071 72.382067 
2072 72.379223 
2073 72.376386 
2074 72.373556 
2075 72.370732 
2076 72.367915 
2077 72.365104 
2078 72.362300 
2079 72.359502 
2080 72.356710 
2081 72.353925 
2082 72.351146 
2083 72.348374 
2084 72.345608 
2085 72.342848 
2086 72.340095 
2087 72.337348 
2088 72.334607 
2089 72.331873 
2090 72.329144 
2091 72.326422 
2092 72.323707 
2093 72.320997 
2094 72.318294 
2095 72.315597 
2096 72.312906 
2097 72.310221 
2098 72.307543 
2099 72.304871 
2100 72.302204 
2101 72.299544 
2102 72.296890 
2103 72.294242 
2104 72.291600 
2105 72.288964 
2106 72.286335 
2107 72.283711 
2108 72.281093 
2109 72.278482 
2110 72.275876 
2111 72.273276 
2112 72.270682 
2113 72.268095 
2114 72.265513 
2115 72.262937 
2116 72.260367 
2117 72.257802 
2118 72.255244 
2119 72.252692 
2120 72.250145 
2121 72.247604 
2122 72.245070 
2123 72.242541 
2124 72.240017 
2125 72.237500 
2126 72.234988 
2127 72.232482 
2128 72.229982 
2129 72.227487 
2130 72.224999 
2131 72.222516 
2132 72.220038 
2133 72.217567 
2134 72.215101 
2135 72.212640 
2136 72.210186 
2137 72.207737 
2138 72.205293 
2139 72.202855 
2140 72.200423 
2141 72.197996 
2142 72.195575 
2143 72.193160 
2144 72.190750 
2145 72.188345 
2146 72.185946 
2147 72.183553 
2148 72.181165 
2149 72.178783 
2150 72.176406 
2151 72.174034 
2152 72.171668 
2153 72.169307 
2154 72.166952 
2155 72.164602 
2156 72.162258 
2157 72.159918 
2158 72.157585 
2159 72.155256 
2160 72.152933 
2161 72.150616 
2162 72.148303 
2163 72.145996 
2164 72.143694 
2165 72.141398 
2166 72.139106 
2167 72.136820 
2168 72.134540 
2169 72.132264 
2170 72.129994 
2171 72.127729 
2172 72.125469 
2173 72.123214 
2174 72.120965 
2175 72.118720 
2176 72.116481 
2177 72.114247 
2178 72.112018 
2179 72.109794 
2180 72.107575 
2181 72.105362 
2182 72.103153 
2183 72.100950 
2184 72.098751 
2185 72.096558 
2186 72.094369 
2187 72.092186 
2188 72.090008 
2189 72.087834 
2190 72.085666 
2191 72.083503 
2192 72.081344 
2193 72.079191 
2194 72.077042 
2195 72.074899 
2196 72.072760 
2197 72.070626 
2198 72.068497 
2199 72.066373 
2200 72.064254 
2201 72.062140 
2202 72.060030 
2203 72.057926 
2204 72.055826 
2205 72.053731 
2206 72.051641 
2207 72.049556 
2208 72.047475 
2209 72.045399 
2210 72.043328 
2211 72.041262 
2212 72.039201 
2213 72.037144 
2214 72.035092 
2215 72.033044 
2216 72.031002 
2217 72.028964 
2218 72.026930 
2219 72.024902 
2220 72.022878 
2221 72.020859 
2222 72.018844 
2223 72.016834 
2224 72.014828 
2225 72.012827 
2226 72.010831 
2227 72.008839 
2228 72.006852 
2229 72.004870 
2230 72.002892 
2231 72.000918 
2232 71.998949 
2233 71.996985 
2234 71.995025 
2235 71.993070 
2236 71.991119 
2237 71.989172 
2238 71.987230 
2239 71.985293 
2240 71.983359 
2241 71.981431 
2242 71.979507 
2243 71.977587 
2244 71.975671 
2245 71.973760 
2246 71.971854 
2247 71.969951 
2248 71.968054 
2249 71.966160 
2250 71.964271 
2251 71.962386 
2252 71.960505 
2253 71.958629 
2254 71.956757 
2255 71.954890 
2256 71.953026 
2257 71.951167 
2258 71.949312 
2259 71.947462 
2260 71.945616 
2261 71.943774 
2262 71.941936 
2263 71.940102 
2264 71.938273 
2265 71.936447 
2266 71.934626 
2267 71.932810 
2268 71.930997 
2269 71.929188 
2270 71.927384 
2271 71.925584 
2272 71.923788 
2273 71.921996 
2274 71.920208 
2275 71.918424 
2276 71.916645 
2277 71.914869 
2278 71.913097 
2279 71.911330 
2280 71.909567 
2281 71.907807 
2282 71.906052 
2283 71.904301 
2284 71.902553 
2285 71.900810 
2286 71.899071 
2287 71.897336 
2288 71.895604 
2289 71.893877 
2290 71.892154 
2291 71.890434 
2292 71.888719 
2293 71.887008 
2294 71.885300 
2295 71.883596 
2296 71.881897 
2297 71.880201 
2298 71.878509 
2299 71.876821 
2300 71.875137 
2301 71.873456 
2302 71.871780 
2303 71.870107 
2304 71.868438 
2305 71.866773 
2306 71.865112 
2307 71.863455 
2308 71.861801 
2309 71.860152 
2310 71.858506 
2311 71.856864 
2312 71.855225 
2313 71.853591 
2314 71.851960 
2315 71.850333 
2316 71.848709 
2317 71.847090 
2318 71.845474 
2319 71.843861 
2320 71.842253 
2321 71.840648 
2322 71.839047 
2323 71.837449 
2324 71.835855 
2325 71.834265 
2326 71.832679 
2327 71.831096 
2328 71.829517 
2329 71.827941 
2330 71.826369 
2331 71.824801 
2332 71.823236 
2333 71.821675 
2334 71.820117 
2335 71.818563 
2336 71.817012 
2337 71.815465 
2338 71.813922 
2339 71.812382 
2340 71.810846 
2341 71.809313 
2342 71.807784 
2343 71.806258 
2344 71.804736 
2345 71.803217 
2346 71.801702 
2347 71.800190 
2348 71.798682 
2349 71.797177 
2350 71.795676 
2351 71.794178 
2352 71.792683 
2353 71.791192 
2354 71.789704 
2355 71.788220 
2356 71.786739 
2357 71.785262 
2358 71.783788 
2359 71.782317 
2360 71.780850 
2361 71.779386 
2362 71.777925 
2363 71.776468 
2364 71.775014 
2365 71.773564 
2366 71.772117 
2367 71.770673 
2368 71.769232 
2369 71.767795 
2370 71.766361 
2371 71.764930 
2372 71.763503 
2373 71.762079 
2374 71.760658 
2375 71.759240 
2376 71.757826 
2377 71.756415 
2378 71.755007 
2379 71.753602 
2380 71.752201 
2381 71.750803 
2382 71.749408 
2383 71.748016 
2384 71.746628 
2385 71.745242 
2386 71.743860 
2387 71.742481 
2388 71.741105 
2389 71.739733 
2390 71.738363 
2391 71.736997 
2392 71.735633 
2393 71.734273 
2394 71.732916 
2395 71.731562 
2396 71.730212 
2397 71.728864 
2398 71.727519 
2399 71.726178 
2400 71.724839 
2401 71.723504 
2402 71.722172 
2403 71.720842 
2404 71.719516 
2405 71.718193 
2406 71.716873 
2407 71.715556 
2408 71.714242 
2409 71.712931 
2410 71.711623 
2411 71.710318 
2412 71.709016 
2413 71.707717 
2414 71.706421 
2415 71.705128 
2416 71.703838 
2417 71.702551 
2418 71.701266 
2419 71.699985 
2420 71.698707 
2421 71.697431 
2422 71.696159 
2423 71.694890 
2424 71.693623 
2425 71.692359 
2426 71.691098 
2427 71.689841 
2428 71.688586 
2429 71.687333 
2430 71.686084 
2431 71.684838 
2432 71.683594 
2433 71.682354 
2434 71.681116 
2435 71.679881 
2436 71.678649 
2437 71.677419 
2438 71.676193 
2439 71.674969 
2440 71.673748 
2441 71.672530 
2442 71.671315 
2443 71.670103 
2444 71.668893 
2445 71.667686 
2446 71.666482 
2447 71.665281 
2448 71.664082 
2449 71.662886 
2450 71.661693 
2451 71.660503 
2452 71.659315 
2453 71.658130 
2454 71.656948 
2455 71.655768 
2456 71.654592 
2457 71.653417 
2458 71.652246 
2459 71.651077 
2460 71.649911 
2461 71.648748 
2462 71.647587 
2463 71.646429 
2464 71.645274 
2465 71.644121 
2466 71.642971 
2467 71.641824 
2468 71.640679 
2469 71.639537 
2470 71.638398 
2471 71.637261 
2472 71.636127 
2473 71.634995 
2474 71.633866 
2475 71.632739 
2476 71.631615 
2477 71.630494 
2478 71.629375 
2479 71.628259 
2480 71.627146 
2481 71.626035 
2482 71.624926 
2483 71.623820 
2484 71.622717 
2485 71.621616 
2486 71.620517 
2487 71.619422 
2488 71.618328 
2489 71.617238 
2490 71.616149 
2491 71.615063 
2492 71.613980 
2493 71.612899 
2494 71.611821 
2495 71.610745 
2496 71.609672 
2497 71.608601 
2498 71.607532 
2499 71.606466 
2500 71.605403 
2501 71.604342 
2502 71.603283 
2503 71.602227 
2504 71.601173 
2505 71.600122 
2506 71.599073 
2507 71.598026 
2508 71.596982 
2509 71.595940 
2510 71.594901 
2511 71.593864 
2512 71.592829 
2513 71.591797 
2514 71.590767 
2515 71.589739 
2516 71.588714 
2517 71.587692 
2518 71.586671 
2519 71.585653 
2520 71.584637 
2521 71.583624 
2522 71.582613 
2523 71.581604 
2524 71.580598 
2525 71.579593 
2526 71.578592 
2527 71.577592 
2528 71.576595 
2529 71.575600 
2530 71.574607 
2531 71.573617 
2532 71.572629 
2533 71.571643 
2534 71.570659 
2535 71.569678 
2536 71.568699 
2537 71.567722 
2538 71.566748 
2539 71.565775 
2540 71.564805 
2541 71.563837 
2542 71.562872 
2543 71.561908 
2544 71.560947 
2545 71.559988 
2546 71.559031 
2547 71.558077 
2548 71.557124 
2549 71.556174 
2550 71.555226 
2551 71.554280 
2552 71.553336 
2553 71.552395 
2554 71.551455 
2555 71.550518 
2556 71.549583 
2557 71.548650 
2558 71.547719 
2559 71.546791 
2560 71.545864 
2561 71.544940 
2562 71.544018 
2563 71.543098 
2564 71.542180 
2565 71.541264 
2566 71.540350 
2567 71.539438 
2568 71.538529 
2569 71.537621 
2570 71.536716 
2571 71.535812 
2572 71.534911 
2573 71.534012 
2574 71.533115 
2575 71.532220 
2576 71.531327 
2577 71.530436 
2578 71.529547 
2579 71.528660 
2580 71.527775 
2581 71.526892 
2582 71.526012 
2583 71.525133 
2584 71.524256 
2585 71.523381 
2586 71.522509 
2587 71.521638 
2588 71.520769 
2589 71.519903 
2590 71.519038 
2591 71.518175 
2592 71.517314 
2593 71.516456 
2594 71.515599 
2595 71.514744 
2596 71.513891 
2597 71.513040 
2598 71.512191 
2599 71.511344 
2600 71.510499 
2601 71.509656 
2602 71.508815 
2603 71.507976 
2604 71.507138 
2605 71.506303 
2606 71.505470 
2607 71.504638 
2608 71.503808 
2609 71.502981 
2610 71.502155 
2611 71.501331 
2612 71.500509 
2613 71.499689 
2614 71.498870 
2615 71.498054 
2616 71.497239 
2617 71.496427 
2618 71.495616 
2619 71.494807 
2620 71.494000 
2621 71.493195 
2622 71.492392 
2623 71.491590 
2624 71.490790 
2625 71.489993 
2626 71.489197 
2627 71.488402 
2628 71.487610 
2629 71.486820 
2630 71.486031 
2631 71.485244 
2632 71.484459 
2633 71.483676 
2634 71.482894 
2635 71.482114 
2636 71.481337 
2637 71.480560 
2638 71.479786 
2639 71.479014 
2640 71.478243 
2641 71.477474 
2642 71.476707 
2643 71.475941 
2644 71.475178 
2645 71.474416 
2646 71.473655 
2647 71.472897 
2648 71.472140 
2649 71.471385 
2650 71.470632 
2651 71.469881 
2652 71.469131 
2653 71.468383 
2654 71.467636 
2655 71.466892 
2656 71.466149 
2657 71.465408 
2658 71.464668 
2659 71.463930 
2660 71.463194 
2661 71.462460 
2662 71.461727 
2663 71.460996 
2664 71.460267 
2665 71.459539 
2666 71.458813 
2667 71.458089 
2668 71.457366 
2669 71.456645 
2670 71.455926 
2671 71.455208 
2672 71.454492 
2673 71.453778 
2674 71.453065 
2675 71.452354 
2676 71.451644 
2677 71.450936 
2678 71.450230 
2679 71.449526 
2680 71.448823 
2681 71.448121 
2682 71.447422 
2683 71.446723 
2684 71.446027 
2685 71.445332 
2686 71.444639 
2687 71.443947 
2688 71.443257 
2689 71.442568 
2690 71.441881 
2691 71.441196 
2692 71.440512 
2693 71.439830 
2694 71.439149 
2695 71.438470 
2696 71.437792 
2697 71.437116 
2698 71.436442 
2699 71.435769 
2700 71.435097 
2701 71.434428 
2702 71.433759 
2703 71.433093 
2704 71.432427 
2705 71.431764 
2706 71.431102 
2707 71.430441 
2708 71.429782 
2709 71.429124 
2710 71.428468 
2711 71.427814 
2712 71.427161 
2713 71.426509 
2714 71.425859 
2715 71.425210 
2716 71.424563 
2717 71.423918 
2718 71.423274 
2719 71.422631 
2720 71.421990 
2721 71.421350 
2722 71.420712 
2723 71.420075 
2724 71.419440 
2725 71.418806 
2726 71.418174 
2727 71.417543 
2728 71.416913 
2729 71.416285 
2730 71.415659 
2731 71.415034 
2732 71.414410 
2733 71.413788 
2734 71.413167 
2735 71.412547 
2736 71.411930 
2737 71.411313 
2738 71.410698 
2739 71.410084 
2740 71.409472 
2741 71.408861 
2742 71.408251 
2743 71.407643 
2744 71.407037 
2745 71.406431 
2746 71.405827 
2747 71.405225 
2748 71.404624 
2749 71.404024 
2750 71.403426 
2751 71.402829 
2752 71.402233 
2753 71.401639 
2754 71.401046 
2755 71.400454 
2756 71.399864 
2757 71.399275 
2758 71.398688 
2759 71.398102 
2760 71.397517 
2761 71.396934 
2762 71.396352 
2763 71.395771 
2764 71.395192 
2765 71.394614 
2766 71.394037 
2767 71.393461 
2768 71.392887 
2769 71.392315 
2770 71.391743 
2771 71.391173 
2772 71.390604 
2773 71.390037 
2774 71.389470 
2775 71.388906 
2776 71.388342 
2777 71.387780 
2778 71.387219 
2779 71.386659 
2780 71.386101 
2781 71.385543 
2782 71.384988 
2783 71.384433 
2784 71.383880 
2785 71.383328 
2786 71.382777 
2787 71.382227 
2788 71.381679 
2789 71.381132 
2790 71.380586 
2791 71.380042 
2792 71.379499 
2793 71.378957 
2794 71.378416 
2795 71.377877 
2796 71.377338 
2797 71.376801 
2798 71.376266 
2799 71.375731 
2800 71.375198 
2801 71.374666 
2802 71.374135 
2803 71.373605 
2804 71.373077 
2805 71.372550 
2806 71.372024 
2807 71.371499 
2808 71.370975 
2809 71.370453 
2810 71.369932 
2811 71.369412 
2812 71.368893 
2813 71.368376 
2814 71.367859 
2815 71.367344 
2816 71.366830 
2817 71.366317 
2818 71.365806 
2819 71.365295 
2820 71.364786 
2821 71.364278 
2822 71.363771 
2823 71.363265 
2824 71.362760 
2825 71.362257 
2826 71.361755 
2827 71.361253 
2828 71.360753 
2829 71.360255 
2830 71.359757 
2831 71.359260 
2832 71.358765 
2833 71.358271 
2834 71.357778 
2835 71.357286 
2836 71.356795 
2837 71.356305 
2838 71.355816 
2839 71.355329 
2840 71.354843 
2841 71.354357 
2842 71.353873 
2843 71.353390 
2844 71.352908 
2845 71.352428 
2846 71.351948 
2847 71.351469 
2848 71.350992 
2849 71.350515 
2850 71.350040 
2851 71.349566 
2852 71.349093 
2853 71.348621 
2854 71.348150 
2855 71.347680 
2856 71.347211 
2857 71.346744 
2858 71.346277 
2859 71.345812 
2860 71.345347 
2861 71.344884 
2862 71.344421 
2863 71.343960 
2864 71.343500 
2865 71.343041 
2866 71.342583 
2867 71.342126 
2868 71.341670 
2869 71.341215 
2870 71.340761 
2871 71.340308 
2872 71.339856 
2873 71.339406 
2874 71.338956 
2875 71.338507 
2876 71.338060 
2877 71.337613 
2878 71.337167 
2879 71.336723 
2880 71.336279 
2881 71.335837 
2882 71.335395 
2883 71.334955 
2884 71.334515 
2885 71.334077 
2886 71.333640 
2887 71.333203 
2888 71.332768 
2889 71.332333 
2890 71.331900 
2891 71.331467 
2892 71.331036 
2893 71.330605 
2894 71.330176 
2895 71.329748 
2896 71.329320 
2897 71.328894 
2898 71.328468 
2899 71.328044 
2900 71.327620 
2901 71.327197 
2902 71.326776 
2903 71.326355 
2904 71.325935 
2905 71.325517 
2906 71.325099 
2907 71.324682 
2908 71.324266 
2909 71.323852 
2910 71.323438 
2911 71.323025 
2912 71.322613 
2913 71.322202 
2914 71.321792 
2915 71.321382 
2916 71.320974 
2917 71.320567 
2918 71.320161 
2919 71.319755 
2920 71.319351 
2921 71.318947 
2922 71.318545 
2923 71.318143 
2924 71.317742 
2925 71.317342 
2926 71.316943 
2927 71.316545 
2928 71.316148 
2929 71.315752 
2930 71.315357 
2931 71.314962 
2932 71.314569 
2933 71.314176 
2934 71.313785 
2935 71.313394 
2936 71.313004 
2937 71.312615 
2938 71.312227 
2939 71.311840 
2940 71.311454 
2941 71.311069 
2942 71.310684 
2943 71.310301 
2944 71.309918 
2945 71.309536 
2946 71.309155 
2947 71.308775 
2948 71.308396 
2949 71.308017 
2950 71.307640 
2951 71.307263 
2952 71.306888 
2953 71.306513 
2954 71.306139 
2955 71.305766 
2956 71.305394 
2957 71.305022 
2958 71.304652 
2959 71.304282 
2960 71.303913 
2961 71.303545 
2962 71.303178 
2963 71.302812 
2964 71.302446 
2965 71.302082 
2966 71.301718 
2967 71.301355 
2968 71.300993 
2969 71.300631 
2970 71.300271 
2971 71.299911 
2972 71.299553 
2973 71.299195 
2974 71.298838 
2975 71.298481 
2976 71.298126 
2977 71.297771 
2978 71.297417 
2979 71.297064 
2980 71.296712 
2981 71.296361 
2982 71.296010 
2983 71.295660 
2984 71.295311 
2985 71.294963 
2986 71.294616 
2987 71.294269 
2988 71.293923 
2989 71.293578 
2990 71.293234 
2991 71.292891 
2992 71.292548 
2993 71.292206 
2994 71.291865 
2995 71.291525 
2996 71.291186 
2997 71.290847 
2998 71.290509 
2999 71.290172 
3000 71.289836 
3001 71.289500 
3002 71.289165 
3003 71.288831 
3004 71.288498 
3005 71.288166 
3006 71.287834 
3007 71.287503 
3008 71.287173 
3009 71.286843 
3010 71.286515 
3011 71.286187 
3012 71.285860 
3013 71.285533 
3014 71.285207 
3015 71.284883 
3016 71.284558 
3017 71.284235 
3018 71.283912 
3019 71.283590 
3020 71.283269 
3021 71.282949 
3022 71.282629 
3023 71.282310 
3024 71.281992 
3025 71.281674 
3026 71.281358 
3027 71.281042 
3028 71.280726 
3029 71.280412 
3030 71.280098 
3031 71.279785 
3032 71.279472 
3033 71.279161 
3034 71.278850 
3035 71.278540 
3036 71.278230 
3037 71.277921 
3038 71.277613 
3039 71.277306 
3040 71.276999 
3041 71.276693 
3042 71.276388 
3043 71.276083 
3044 71.275779 
3045 71.275476 
3046 71.275174 
3047 71.274872 
3048 71.274571 
3049 71.274270 
3050 71.273971 
3051 71.273672 
3052 71.273373 
3053 71.273076 
3054 71.272779 
3055 71.272483 
3056 71.272187 
3057 71.271892 
3058 71.271598 
3059 71.271304 
3060 71.271012 
3061 71.270719 
3062 71.270428 
3063 71.270137 
3064 71.269847 
3065 71.269557 
3066 71.269269 
3067 71.268980 
3068 71.268693 
3069 71.268406 
3070 71.268120 
3071 71.267834 
3072 71.267549 
3073 71.267265 
3074 71.266982 
3075 71.266699 
3076 71.266417 
3077 71.266135 
3078 71.265854 
3079 71.265574 
3080 71.265294 
3081 71.265015 
3082 71.264737 
3083 71.264459 
3084 71.264182 
3085 71.263906 
3086 71.263630 
3087 71.263355 
3088 71.263080 
3089 71.262806 
3090 71.262533 
3091 71.262260 
3092 71.261988 
3093 71.261717 
3094 71.261446 
3095 71.261176 
3096 71.260907 
3097 71.260638 
3098 71.260369 
3099 71.260102 
3100 71.259835 
3101 71.259568 
3102 71.259303 
3103 71.259037 
3104 71.258773 
3105 71.258509 
3106 71.258245 
3107 71.257983 
3108 71.257721 
3109 71.257459 
3110 71.257198 
3111 71.256938 
3112 71.256678 
3113 71.256419 
3114 71.256160 
3115 71.255902 
3116 71.255645 
3117 71.255388 
3118 71.255132 
3119 71.254877 
3120 71.254622 
3121 71.254367 
3122 71.254113 
3123 71.253860 
3124 71.253608 
3125 71.253356 
3126 71.253104 
3127 71.252853 
3128 71.252603 
3129 71.252353 
3130 71.252104 
3131 71.251855 
3132 71.251607 
3133 71.251360 
3134 71.251113 
3135 71.250867 
3136 71.250621 
3137 71.250376 
3138 71.250131 
3139 71.249887 
3140 71.249644 
3141 71.249401 
3142 71.249159 
3143 71.248917 
3144 71.248676 
3145 71.248435 
3146 71.248195 
3147 71.247955 
3148 71.247716 
3149 71.247478 
3150 71.247240 
3151 71.247003 
3152 71.246766 
3153 71.246529 
3154 71.246294 
3155 71.246059 
3156 71.245824 
3157 71.245590 
3158 71.245356 
3159 71.245123 
3160 71.244891 
3161 71.244659 
3162 71.244428 
3163 71.244197 
3164 71.243966 
3165 71.243737 
3166 71.243507 
3167 71.243278 
3168 71.243050 
3169 71.242823 
3170 71.242595 
3171 71.242369 
3172 71.242143 
3173 71.241917 
3174 71.241692 
3175 71.241467 
3176 71.241243 
3177 71.241020 
3178 71.240797 
3179 71.240574 
3180 71.240352 
3181 71.240131 
3182 71.239910 
3183 71.239690 
3184 71.239470 
3185 71.239250 
3186 71.239031 
3187 71.238813 
3188 71.238595 
3189 71.238378 
3190 71.238161 
3191 71.237944 
3192 71.237728 
3193 71.237513 
3194 71.237298 
3195 71.237084 
3196 71.236870 
3197 71.236656 
3198 71.236443 
3199 71.236231 
3200 71.236019 
3201 71.235808 
3202 71.235597 
3203 71.235386 
3204 71.235176 
3205 71.234967 
3206 71.234758 
3207 71.234549 
3208 71.234341 
3209 71.234133 
3210 71.233926 
3211 71.233720 
3212 71.233513 
3213 71.233308 
3214 71.233103 
3215 71.232898 
3216 71.232694 
3217 71.232490 
3218 71.232287 
3219 71.232084 
3220 71.231881 
3221 71.231679 
3222 71.231478 
3223 71.231277 
3224 71.231076 
3225 71.230876 
3226 71.230677 
3227 71.230478 
3228 71.230279 
3229 71.230081 
3230 71.229883 
3231 71.229686 
3232 71.229489 
3233 71.229293 
3234 71.229097 
3235 71.228901 
3236 71.228706 
3237 71.228512 
3238 71.228317 
3239 71.228124 
3240 71.227931 
3241 71.227738 
3242 71.227545 
3243 71.227354 
3244 71.227162 
3245 71.226971 
3246 71.226781 
3247 71.226590 
3248 71.226401 
3249 71.226211 
3250 71.226023 
3251 71.225834 
3252 71.225646 
3253 71.225459 
3254 71.225272 
3255 71.225085 
3256 71.224899 
3257 71.224713 
3258 71.224528 
3259 71.224343 
3260 71.224158 
3261 71.223974 
3262 71.223791 
3263 71.223607 
3264 71.223425 
3265 71.223242 
3266 71.223060 
3267 71.222879 
3268 71.222698 
3269 71.222517 
3270 71.222337 
3271 71.222157 
3272 71.221977 
3273 71.221798 
3274 71.221620 
3275 71.221442 
3276 71.221264 
3277 71.221086 
3278 71.220909 
3279 71.220733 
3280 71.220557 
3281 71.220381 
3282 71.220206 
3283 71.220031 
3284 71.219856 
3285 71.219682 
3286 71.219508 
3287 71.219335 
3288 71.219162 
3289 71.218990 
3290 71.218817 
3291 71.218646 
3292 71.218474 
3293 71.218303 
3294 71.218133 
3295 71.217963 
3296 71.217793 
3297 71.217624 
3298 71.217455 
3299 71.217286 
3300 71.217118 
3301 71.216950 
3302 71.216783 
3303 71.216616 
3304 71.216449 
3305 71.216283 
3306 71.216117 
3307 71.215951 
3308 71.215786 
3309 71.215622 
3310 71.215457 
3311 71.215293 
3312 71.215130 
3313 71.214967 
3314 71.214804 
3315 71.214641 
3316 71.214479 
3317 71.214318 
3318 71.214156 
3319 71.213995 
3320 71.213835 
3321 71.213674 
3322 71.213515 
3323 71.213355 
3324 71.213196 
3325 71.213037 
3326 71.212879 
3327 71.212721 
3328 71.212563 
3329 71.212406 
3330 71.212249 
3331 71.212093 
3332 71.211936 
3333 71.211781 
3334 71.211625 
3335 71.211470 
3336 71.211315 
3337 71.211161 
3338 71.211007 
3339 71.210853 
3340 71.210700 
3341 71.210547 
3342 71.210394 
3343 71.210242 
3344 71.210090 
3345 71.209939 
3346 71.209787 
3347 71.209637 
3348 71.209486 
3349 71.209336 
3350 71.209186 
3351 71.209037 
3352 71.208888 
3353 71.208739 
3354 71.208590 
3355 71.208442 
3356 71.208295 
3357 71.208147 
3358 71.208000 
3359 71.207853 
3360 71.207707 
3361 71.207561 
3362 71.207415 
3363 71.207270 
3364 71.207125 
3365 71.206980 
3366 71.206836 
3367 71.206692 
3368 71.206548 
3369 71.206405 
3370 71.206262 
3371 71.206119 
3372 71.205977 
3373 71.205835 
3374 71.205693 
3375 71.205552 
3376 71.205411 
3377 71.205270 
3378 71.205129 
3379 71.204989 
3380 71.204850 
3381 71.204710 
3382 71.204571 
3383 71.204432 
3384 71.204294 
3385 71.204156 
3386 71.204018 
3387 71.203880 
3388 71.203743 
3389 71.203606 
3390 71.203470 
3391 71.203334 
3392 71.203198 
3393 71.203062 
3394 71.202927 
3395 71.202792 
3396 71.202657 
3397 71.202523 
3398 71.202389 
3399 71.202255 
3400 71.202122 
3401 71.201989 
3402 71.201856 
3403 71.201723 
3404 71.201591 
3405 71.201459 
3406 71.201328 
3407 71.201196 
3408 71.201065 
3409 71.200935 
3410 71.200804 
3411 71.200674 
3412 71.200544 
3413 71.200415 
3414 71.200286 
3415 71.200157 
3416 71.200028 
3417 71.199900 
3418 71.199772 
3419 71.199645 
3420 71.199517 
3421 71.199390 
3422 71.199263 
3423 71.199137 
3424 71.199011 
3425 71.198885 
3426 71.198759 
3427 71.198634 
3428 71.198509 
3429 71.198384 
3430 71.198259 
3431 71.198135 
3432 71.198011 
3433 71.197888 
3434 71.197765 
3435 71.197641 
3436 71.197519 
3437 71.197396 
3438 71.197274 
3439 71.197152 
3440 71.197031 
3441 71.196909 
3442 71.196788 
3443 71.196668 
3444 71.196547 
3445 71.196427 
3446 71.196307 
3447 71.196187 
3448 71.196068 
3449 71.195949 
3450 71.195830 
3451 71.195711 
3452 71.195593 
3453 71.195475 
3454 71.195357 
3455 71.195240 
3456 71.195123 
3457 71.195006 
3458 71.194889 
3459 71.194773 
3460 71.194657 
3461 71.194541 
3462 71.194425 
3463 71.194310 
3464 71.194195 
3465 71.194080 
3466 71.193966 
3467 71.193852 
3468 71.193738 
3469 71.193624 
3470 71.193511 
3471 71.193397 
3472 71.193284 
3473 71.193172 
3474 71.193059 
3475 71.192947 
3476 71.192835 
3477 71.192724 
3478 71.192613 
3479 71.192501 
3480 71.192391 
3481 71.192280 
3482 71.192170 
3483 71.192060 
3484 71.191950 
3485 71.191840 
3486 71.191731 
3487 71.191622 
3488 71.191513 
3489 71.191405 
3490 71.191296 
3491 71.191188 
3492 71.191080 
3493 71.190973 
3494 71.190866 
3495 71.190759 
3496 71.190652 
3497 71.190545 
3498 71.190439 
3499 71.190333 
3500 71.190227 
3501 71.190122 
3502 71.190016 
3503 71.189911 
3504 71.189806 
3505 71.189702 
3506 71.189597 
3507 71.189493 
3508 71.189389 
3509 71.189286 
3510 71.189182 
3511 71.189079 
3512 71.188976 
3513 71.188874 
3514 71.188771 
3515 71.188669 
3516 71.188567 
3517 71.188466 
3518 71.188364 
3519 71.188263 
3520 71.188162 
3521 71.188061 
3522 71.187960 
3523 71.187860 
3524 71.187760 
3525 71.187660 
3526 71.187561 
3527 71.187461 
3528 71.187362 
3529 71.187263 
3530 71.187165 
3531 71.187066 
3532 71.186968 
3533 71.186870 
3534 71.186772 
3535 71.186675 
3536 71.186577 
3537 71.186480 
3538 71.186383 
3539 71.186287 
3540 71.186190 
3541 71.186094 
3542 71.185998 
3543 71.185902 
3544 71.185807 
3545 71.185711 
3546 71.185616 
3547 71.185521 
3548 71.185427 
3549 71.185332 
3550 71.185238 
3551 71.185144 
3552 71.185050 
3553 71.184957 
3554 71.184864 
3555 71.184770 
3556 71.184678 
3557 71.184585 
3558 71.184492 
3559 71.184400 
3560 71.184308 
3561 71.184216 
3562 71.184125 
3563 71.184033 
3564 71.183942 
3565 71.183851 
3566 71.183760 
3567 71.183670 
3568 71.183579 
3569 71.183489 
3570 71.183399 
3571 71.183310 
3572 71.183220 
3573 71.183131 
3574 71.183042 
3575 71.182953 
3576 71.182864 
3577 71.182776 
3578 71.182687 
3579 71.182599 
3580 71.182511 
3581 71.182424 
3582 71.182336 
3583 71.182249 
3584 71.182162 
3585 71.182075 
3586 71.181988 
3587 71.181902 
3588 71.181816 
3589 71.181730 
3590 71.181644 
3591 71.181558 
3592 71.181473 
3593 71.181388 
3594 71.181302 
3595 71.181218 
3596 71.181133 
3597 71.181048 
3598 71.180964 
3599 71.180880 
3600 71.180796 
3601 71.180713 
3602 71.180629 
3603 71.180546 
3604 71.180463 
3605 71.180380 
3606 71.180297 
3607 71.180215 
3608 71.180132 
3609 71.180050 
3610 71.179968 
3611 71.179886 
3612 71.179805 
3613 71.179724 
3614 71.179642 
3615 71.179561 
3616 71.179481 
3617 71.179400 
3618 71.179319 
3619 71.179239 
3620 71.179159 
3621 71.179079 
3622 71.179000 
3623 71.178920 
3624 71.178841 
3625 71.178762 
3626 71.178683 
3627 71.178604 
3628 71.178525 
3629 71.178447 
3630 71.178369 
3631 71.178291 
3632 71.178213 
3633 71.178135 
3634 71.178058 
3635 71.177980 
3636 71.177903 
3637 71.177826 
3638 71.177749 
3639 71.177673 
3640 71.177596 
3641 71.177520 
3642 71.177444 
3643 71.177368 
3644 71.177292 
3645 71.177217 
3646 71.177142 
3647 71.177066 
3648 71.176991 
3649 71.176917 
3650 71.176842 
3651 71.176767 
3652 71.176693 
3653 71.176619 
3654 71.176545 
3655 71.176471 
3656 71.176398 
3657 71.176324 
3658 71.176251 
3659 71.176178 
3660 71.176105 
3661 71.176032 
3662 71.175959 
3663 71.175887 
3664 71.175815 
3665 71.175743 
3666 71.175671 
3667 71.175599 
3668 71.175527 
3669 71.175456 
3670 71.175385 
3671 71.175313 
3672 71.175242 
3673 71.175172 
3674 71.175101 
3675 71.175031 
3676 71.174960 
3677 71.174890 
3678 71.174820 
3679 71.174751 
3680 71.174681 
3681 71.174611 
3682 71.174542 
3683 71.174473 
3684 71.174404 
3685 71.174335 
3686 71.174267 
3687 71.174198 
3688 71.174130 
3689 71.174062 
3690 71.173993 
3691 71.173926 
3692 71.173858 
3693 71.173790 
3694 71.173723 
3695 71.173656 
3696 71.173589 
3697 71.173522 
3698 71.173455 
3699 71.173388 
3700 71.173322 
3701 71.173256 
3702 71.173189 
3703 71.173123 
3704 71.173058 
3705 71.172992 
3706 71.172926 
3707 71.172861 
3708 71.172796 
3709 71.172731 
3710 71.172666 
3711 71.172601 
3712 71.172536 
3713 71.172472 
3714 71.172408 
3715 71.172343 
3716 71.172279 
3717 71.172215 
3718 71.172152 
3719 71.172088 
3720 71.172025 
3721 71.171961 
3722 71.171898 
3723 71.171835 
3724 71.171772 
3725 71.171710 
3726 71.171647 
3727 71.171585 
3728 71.171523 
3729 71.171460 
3730 71.171398 
3731 71.171337 
3732 71.171275 
3733 71.171213 
3734 71.171152 
3735 71.171091 
3736 71.171030 
3737 71.170969 
3738 71.170908 
3739 71.170847 
3740 71.170787 
3741 71.170726 
3742 71.170666 
3743 71.170606 
3744 71.170546 
3745 71.170486 
3746 71.170426 
3747 71.170367 
3748 71.170307 
3749 71.170248 
3750 71.170189 
3751 71.170130 
3752 71.170071 
3753 71.170012 
3754 71.169954 
3755 71.169895 
3756 71.169837 
3757 71.169779 
3758 71.169721 
3759 71.169663 
3760 71.169605 
3761 71.169547 
3762 71.169490 
3763 71.169432 
3764 71.169375 
3765 71.169318 
3766 71.169261 
3767 71.169204 
3768 71.169148 
3769 71.169091 
3770 71.169034 
3771 71.168978 
3772 71.168922 
3773 71.168866 
3774 71.168810 
3775 71.168754 
3776 71.168699 
3777 71.168643 
3778 71.168588 
3779 71.168532 
3780 71.168477 
3781 71.168422 
3782 71.168367 
3783 71.168312 
3784 71.168258 
3785 71.168203 
3786 71.168149 
3787 71.168095 
3788 71.168041 
3789 71.167987 
3790 71.167933 
3791 71.167879 
3792 71.167825 
3793 71.167772 
3794 71.167718 
3795 71.167665 
3796 71.167612 
3797 71.167559 
3798 71.167506 
3799 71.167453 
3800 71.167401 
3801 71.167348 
3802 71.167296 
3803 71.167244 
3804 71.167191 
3805 71.167139 
3806 71.167088 
3807 71.167036 
3808 71.166984 
3809 71.166933 
3810 71.166881 
3811 71.166830 
3812 71.166779 
3813 71.166728 
3814 71.166677 
3815 71.166626 
3816 71.166575 
3817 71.166525 
3818 71.166474 
3819 71.166424 
3820 71.166374 
3821 71.166323 
3822 71.166273 
3823 71.166224 
3824 71.166174 
3825 71.166124 
3826 71.166075 
3827 71.166025 
3828 71.165976 
3829 71.165927 
3830 71.165878 
3831 71.165829 
3832 71.165780 
3833 71.165731 
3834 71.165682 
3835 71.165634 
3836 71.165586 
3837 71.165537 
3838 71.165489 
3839 71.165441 
3840 71.165393 
3841 71.165345 
3842 71.165298 
3843 71.165250 
3844 71.165203 
3845 71.165155 
3846 71.165108 
3847 71.165061 
3848 71.165014 
3849 71.164967 
3850 71.164920 
3851 71.164873 
3852 71.164827 
3853 71.164780 
3854 71.164734 
3855 71.164687 
3856 71.164641 
3857 71.164595 
3858 71.164549 
3859 71.164503 
3860 71.164458 
3861 71.164412 
3862 71.164366 
3863 71.164321 
3864 71.164276 
3865 71.164230 
3866 71.164185 
3867 71.164140 
3868 71.164095 
3869 71.164051 
3870 71.164006 
3871 71.163961 
3872 71.163917 
3873 71.163872 
3874 71.163828 
3875 71.163784 
3876 71.163740 
3877 71.163696 
3878 71.163652 
3879 71.163608 
3880 71.163565 
3881 71.163521 
3882 71.163478 
3883 71.163434 
3884 71.163391 
3885 71.163348 
3886 71.163305 
3887 71.163262 
3888 71.163219 
3889 71.163176 
3890 71.163134 
3891 71.163091 
3892 71.163049 
3893 71.163006 
3894 71.162964 
3895 71.162922 
3896 71.162880 
3897 71.162838 
3898 71.162796 
3899 71.162754 
3900 71.162713 
3901 71.162671 
3902 71.162630 
3903 71.162588 
3904 71.162547 
3905 71.162506 
3906 71.162465 
3907 71.162424 
3908 71.162383 
3909 71.162342 
3910 71.162301 
3911 71.162261 
3912 71.162220 
3913 71.162180 
3914 71.162140 
3915 71.162099 
3916 71.162059 
3917 71.162019 
3918 71.161979 
3919 71.161939 
3920 71.161900 
3921 71.161860 
3922 71.161820 
3923 71.161781 
3924 71.161741 
3925 71.161702 
3926 71.161663 
3927 71.161624 
3928 71.161585 
3929 71.161546 
3930 71.161507 
3931 71.161468 
3932 71.161430 
3933 71.161391 
3934 71.161353 
3935 71.161314 
3936 71.161276 
3937 71.161238 
3938 71.161200 
3939 71.161162 
3940 71.161124 
3941 71.161086 
3942 71.161048 
3943 71.161010 
3944 71.160973 
3945 71.160935 
3946 71.160898 
3947 71.160861 
3948 71.160823 
3949 71.160786 
3950 71.160749 
3951 71.160712 
3952 71.160675 
3953 71.160639 
3954 71.160602 
3955 71.160565 
3956 71.160529 
3957 71.160492 
3958 71.160456 
3959 71.160420 
3960 71.160383 
3961 71.160347 
3962 71.160311 
3963 71.160275 
3964 71.160239 
3965 71.160204 
3966 71.160168 
3967 71.160132 
3968 71.160097 
3969 71.160061 
3970 71.160026 
3971 71.159991 
3972 71.159956 
3973 71.159920 
3974 71.159885 
3975 71.159850 
3976 71.159816 
3977 71.159781 
3978 71.159746 
3979 71.159712 
3980 71.159677 
3981 71.159643 
3982 71.159608 
3983 71.159574 
3984 71.159540 
3985 71.159505 
3986 71.159471 
3987 71.159437 
3988 71.159404 
3989 71.159370 
3990 71.159336 
3991 71.159302 
3992 71.159269 
3993 71.159235 
3994 71.159202 
3995 71.159169 
3996 71.159135 
3997 71.159102 
3998 71.159069 
3999 71.159036 
4000 71.159003 
4001 71.158970 
4002 71.158937 
4003 71.158905 
4004 71.158872 
4005 71.158839 
4006 71.158807 
4007 71.158774 
4008 71.158742 
4009 71.158710 
4010 71.158678 
4011 71.158646 
4012 71.158613 
4013 71.158581 
4014 71.158550 
4015 71.158518 
4016 71.158486 
4017 71.158454 
4018 71.158423 
4019 71.158391 
4020 71.158360 
4021 71.158328 
4022 71.158297 
4023 71.158266 
4024 71.158235 
4025 71.158204 
4026 71.158173 
4027 71.158142 
4028 71.158111 
4029 71.158080 
4030 71.158049 
4031 71.158019 
4032 71.157988 
4033 71.157958 
4034 71.157927 
4035 71.157897 
4036 71.157867 
4037 71.157836 
4038 71.157806 
4039 71.157776 
4040 71.157746 
4041 71.157716 
4042 71.157686 
4043 71.157657 
4044 71.157627 
4045 71.157597 
4046 71.157568 
4047 71.157538 
4048 71.157509 
4049 71.157479 
4050 71.157450 
4051 71.157421 
4052 71.157392 
4053 71.157363 
4054 71.157334 
4055 71.157305 
4056 71.157276 
4057 71.157247 
4058 71.157218 
4059 71.157189 
4060 71.157161 
4061 71.157132 
4062 71.157104 
4063 71.157075 
4064 71.157047 
4065 71.157019 
4066 71.156990 
4067 71.156962 
4068 71.156934 
4069 71.156906 
4070 71.156878 
4071 71.156850 
4072 71.156823 
4073 71.156795 
4074 71.156767 
4075 71.156739 
4076 71.156712 
4077 71.156684 
4078 71.156657 
4079 71.156630 
4080 71.156602 
4081 71.156575 
4082 71.156548 
4083 71.156521 
4084 71.156494 
4085 71.156467 
4086 71.156440 
4087 71.156413 
4088 71.156386 
4089 71.156359 
4090 71.156333 
4091 71.156306 
4092 71.156280 
4093 71.156253 
4094 71.156227 
4095 71.156200 
4096 71.156174 
4097 71.156148 
4098 71.156122 
4099 71.156096 
4100 71.156069 
4101 71.156043 
4102 71.156018 
4103 71.155992 
4104 71.155966 
4105 71.155940 
4106 71.155914 
4107 71.155889 
4108 71.155863 
4109 71.155838 
4110 71.155812 
4111 71.155787 
4112 71.155762 
4113 71.155736 
4114 71.155711 
4115 71.155686 
4116 71.155661 
4117 71.155636 
4118 71.155611 
4119 71.155586 
4120 71.155561 
4121 71.155536 
4122 71.155512 
4123 71.155487 
4124 71.155462 
4125 71.155438 
4126 71.155413 
4127 71.155389 
4128 71.155364 
4129 71.155340 
4130 71.155316 
4131 71.155292 
4132 71.155267 
4133 71.155243 
4134 71.155219 
4135 71.155195 
4136 71.155171 
4137 71.155148 
4138 71.155124 
4139 71.155100 
4140 71.155076 
4141 71.155053 
4142 71.155029 
4143 71.155005 
4144 71.154982 
4145 71.154959 
4146 71.154935 
4147 71.154912 
4148 71.154889 
4149 71.154865 
4150 71.154842 
4151 71.154819 
4152 71.154796 
4153 71.154773 
4154 71.154750 
4155 71.154727 
4156 71.154704 
4157 71.154682 
4158 71.154659 
4159 71.154636 
4160 71.154614 
4161 71.154591 
4162 71.154569 
4163 71.154546 
4164 71.154524 
4165 71.154501 
4166 71.154479 
4167 71.154457 
4168 71.154435 
4169 71.154413 
4170 71.154390 
4171 71.154368 
4172 71.154346 
4173 71.154325 
4174 71.154303 
4175 71.154281 
4176 71.154259 
4177 71.154237 
4178 71.154216 
4179 71.154194 
4180 71.154172 
4181 71.154151 
4182 71.154129 
4183 71.154108 
4184 71.154087 
4185 71.154065 
4186 71.154044 
4187 71.154023 
4188 71.154002 
4189 71.153981 
4190 71.153960 
4191 71.153938 
4192 71.153918 
4193 71.153897 
4194 71.153876 
4195 71.153855 
4196 71.153834 
4197 71.153813 
4198 71.153793 
4199 71.153772 
4200 71.153752 
4201 71.153731 
4202 71.153711 
4203 71.153690 
4204 71.153670 
4205 71.153649 
4206 71.153629 
4207 71.153609 
4208 71.153589 
4209 71.153569 
4210 71.153548 
4211 71.153528 
4212 71.153508 
4213 71.153488 
4214 71.153469 
4215 71.153449 
4216 71.153429 
4217 71.153409 
4218 71.153389 
4219 71.153370 
4220 71.153350 
4221 71.153331 
4222 71.153311 
4223 71.153292 
4224 71.153272 
4225 71.153253 
4226 71.153233 
4227 71.153214 
4228 71.153195 
4229 71.153176 
4230 71.153156 
4231 71.153137 
4232 71.153118 
4233 71.153099 
4234 71.153080 
4235 71.153061 
4236 71.153042 
4237 71.153024 
4238 71.153005 
4239 71.152986 
4240 71.152967 
4241 71.152949 
4242 71.152930 
4243 71.152911 
4244 71.152893 
4245 71.152874 
4246 71.152856 
4247 71.152837 
4248 71.152819 
4249 71.152801 
4250 71.152782 
4251 71.152764 
4252 71.152746 
4253 71.152728 
4254 71.152710 
4255 71.152692 
4256 71.152674 
4257 71.152656 
4258 71.152638 
4259 71.152620 
4260 71.152602 
4261 71.152584 
4262 71.152566 
4263 71.152549 
4264 71.152531 
4265 71.152513 
4266 71.152496 
4267 71.152478 
4268 71.152461 
4269 71.152443 
4270 71.152426 
4271 71.152408 
4272 71.152391 
4273 71.152374 
4274 71.152357 
4275 71.152339 
4276 71.152322 
4277 71.152305 
4278 71.152288 
4279 71.152271 
4280 71.152254 
4281 71.152237 
4282 71.152220 
4283 71.152203 
4284 71.152186 
4285 71.152169 
4286 71.152152 
4287 71.152136 
4288 71.152119 
4289 71.152102 
4290 71.152086 
4291 71.152069 
4292 71.152053 
4293 71.152036 
4294 71.152020 
4295 71.152003 
4296 71.151987 
4297 71.151970 
4298 71.151954 
4299 71.151938 
4300 71.151922 
4301 71.151905 
4302 71.151889 
4303 71.151873 
4304 71.151857 
4305 71.151841 
4306 71.151825 
4307 71.151809 
4308 71.151793 
4309 71.151777 
4310 71.151761 
4311 71.151746 
4312 71.151730 
4313 71.151714 
4314 71.151698 
4315 71.151683 
4316 71.151667 
4317 71.151651 
4318 71.151636 
4319 71.151620 
4320 71.151605 
4321 71.151589 
4322 71.151574 
4323 71.151559 
4324 71.151543 
4325 71.151528 
4326 71.151513 
4327 71.151498 
4328 71.151482 
4329 71.151467 
4330 71.151452 
4331 71.151437 
4332 71.151422 
4333 71.151407 
4334 71.151392 
4335 71.151377 
4336 71.151362 
4337 71.151347 
4338 71.151332 
4339 71.151318 
4340 71.151303 
4341 71.151288 
4342 71.151273 
4343 71.151259 
4344 71.151244 
4345 71.151230 
4346 71.151215 
4347 71.151201 
4348 71.151186 
4349 71.151172 
4350 71.151157 
4351 71.151143 
4352 71.151128 
4353 71.151114 
4354 71.151100 
4355 71.151086 
4356 71.151071 
4357 71.151057 
4358 71.151043 
4359 71.151029 
4360 71.151015 
4361 71.151001 
4362 71.150987 
4363 71.150973 
4364 71.150959 
4365 71.150945 
4366 71.150931 
4367 71.150917 
4368 71.150903 
4369 71.150890 
4370 71.150876 
4371 71.150862 
4372 71.150849 
4373 71.150835 
4374 71.150821 
4375 71.150808 
4376 71.150794 
4377 71.150781 
4378 71.150767 
4379 71.150754 
4380 71.150740 
4381 71.150727 
4382 71.150714 
4383 71.150700 
4384 71.150687 
4385 71.150674 
4386 71.150660 
4387 71.150647 
4388 71.150634 
4389 71.150621 
4390 71.150608 
4391 71.150595 
4392 71.150582 
4393 71.150569 
4394 71.150556 
4395 71.150543 
4396 71.150530 
4397 71.150517 
4398 71.150504 
4399 71.150491 
4400 71.150478 
4401 71.150466 
4402 71.150453 
4403 71.150440 
4404 71.150428 
4405 71.150415 
4406 71.150402 
4407 71.150390 
4408 71.150377 
4409 71.150365 
4410 71.150352 
4411 71.150340 
4412 71.150327 
4413 71.150315 
4414 71.150302 
4415 71.150290 
4416 71.150278 
4417 71.150266 
4418 71.150253 
4419 71.150241 
4420 71.150229 
4421 71.150217 
4422 71.150205 
4423 71.150192 
4424 71.150180 
4425 71.150168 
4426 71.150156 
4427 71.150144 
4428 71.150132 
4429 71.150120 
4430 71.150108 
4431 71.150097 
4432 71.150085 
4433 71.150073 
4434 71.150061 
4435 71.150049 
4436 71.150038 
4437 71.150026 
4438 71.150014 
4439 71.150002 
4440 71.149991 
4441 71.149979 
4442 71.149968 
4443 71.149956 
4444 71.149945 
4445 71.149933 
4446 71.149922 
4447 71.149910 
4448 71.149899 
4449 71.149887 
4450 71.149876 
4451 71.149865 
4452 71.149853 
4453 71.149842 
4454 71.149831 
4455 71.149820 
4456 71.149808 
4457 71.149797 
4458 71.149786 
4459 71.149775 
4460 71.149764 
4461 71.149753 
4462 71.149742 
4463 71.149731 
4464 71.149720 
4465 71.149709 
4466 71.149698 
4467 71.149687 
4468 71.149676 
4469 71.149665 
4470 71.149655 
4471 71.149644 
4472 71.149633 
4473 71.149622 
4474 71.149611 
4475 71.149601 
4476 71.149590 
4477 71.149579 
4478 71.149569 
4479 71.149558 
4480 71.149548 
4481 71.149537 
4482 71.149527 
4483 71.149516 
4484 71.149506 
4485 71.149495 
4486 71.149485 
4487 71.149474 
4488 71.149464 
4489 71.149454 
4490 71.149443 
4491 71.149433 
4492 71.149423 
4493 71.149413 
4494 71.149402 
4495 71.149392 
4496 71.149382 
4497 71.149372 
4498 71.149362 
4499 71.149352 
4500 71.149342 
4501 71.149331 
4502 71.149321 
4503 71.149311 
4504 71.149301 
4505 71.149292 
4506 71.149282 
4507 71.149272 
4508 71.149262 
4509 71.149252 
4510 71.149242 
4511 71.149232 
4512 71.149222 
4513 71.149213 
4514 71.149203 
4515 71.149193 
4516 71.149184 
4517 71.149174 
4518 71.149164 
4519 71.149155 
4520 71.149145 
4521 71.149135 
4522 71.149126 
4523 71.149116 
4524 71.149107 
4525 71.149097 
4526 71.149088 
4527 71.149078 
4528 71.149069 
4529 71.149060 
4530 71.149050 
4531 71.149041 
4532 71.149032 
4533 71.149022 
4534 71.149013 
4535 71.149004 
4536 71.148994 
4537 71.148985 
4538 71.148976 
4539 71.148967 
4540 71.148958 
4541 71.148949 
4542 71.148939 
4543 71.148930 
4544 71.148921 
4545 71.148912 
4546 71.148903 
4547 71.148894 
4548 71.148885 
4549 71.148876 
4550 71.148867 
4551 71.148858 
4552 71.148850 
4553 71.148841 
4554 71.148832 
4555 71.148823 
4556 71.148814 
4557 71.148805 
4558 71.148797 
4559 71.148788 
4560 71.148779 
4561 71.148771 
4562 71.148762 
4563 71.148753 
4564 71.148745 
4565 71.148736 
4566 71.148727 
4567 71.148719 
4568 71.148710 
4569 71.148702 
4570 71.148693 
4571 71.148685 
4572 71.148676 
4573 71.148668 
4574 71.148659 
4575 71.148651 
4576 71.148643 
4577 71.148634 
4578 71.148626 
4579 71.148617 
4580 71.148609 
4581 71.148601 
4582 71.148593 
4583 71.148584 
4584 71.148576 
4585 71.148568 
4586 71.148560 
4587 71.148552 
4588 71.148543 
4589 71.148535 
4590 71.148527 
4591 71.148519 
4592 71.148511 
4593 71.148503 
4594 71.148495 
4595 71.148487 
4596 71.148479 
4597 71.148471 
4598 71.148463 
4599 71.148455 
4600 71.148447 
4601 71.148439 
4602 71.148431 
4603 71.148423 
4604 71.148416 
4605 71.148408 
4606 71.148400 
4607 71.148392 
4608 71.148384 
4609 71.148377 
4610 71.148369 
4611 71.148361 
4612 71.148353 
4613 71.148346 
4614 71.148338 
4615 71.148330 
4616 71.148323 
4617 71.148315 
4618 71.148308 
4619 71.148300 
4620 71.148293 
4621 71.148285 
4622 71.148278 
4623 71.148270 
4624 71.148263 
4625 71.148255 
4626 71.148248 
4627 71.148240 
4628 71.148233 
4629 71.148225 
4630 71.148218 
4631 71.148211 
4632 71.148203 
4633 71.148196 
4634 71.148189 
4635 71.148182 
4636 71.148174 
4637 71.148167 
4638 71.148160 
4639 71.148153 
4640 71.148145 
4641 71.148138 
4642 71.148131 
4643 71.148124 
4644 71.148117 
4645 71.148110 
4646 71.148103 
4647 71.148096 
4648 71.148088 
4649 71.148081 
4650 71.148074 
4651 71.148067 
4652 71.148060 
4653 71.148053 
4654 71.148047 
4655 71.148040 
4656 71.148033 
4657 71.148026 
4658 71.148019 
4659 71.148012 
4660 71.148005 
4661 71.147998 
4662 71.147992 
4663 71.147985 
4664 71.147978 
4665 71.147971 
4666 71.147964 
4667 71.147958 
4668 71.147951 
4669 71.147944 
4670 71.147938 
4671 71.147931 
4672 71.147924 
4673 71.147918 
4674 71.147911 
4675 71.147904 
4676 71.147898 
4677 71.147891 
4678 71.147885 
4679 71.147878 
4680 71.147872 
4681 71.147865 
4682 71.147859 
4683 71.147852 
4684 71.147846 
4685 71.147839 
4686 71.147833 
4687 71.147826 
4688 71.147820 
4689 71.147814 
4690 71.147807 
4691 71.147801 
4692 71.147794 
4693 71.147788 
4694 71.147782 
4695 71.147776 
4696 71.147769 
4697 71.147763 
4698 71.147757 
4699 71.147751 
4700 71.147744 
4701 71.147738 
4702 71.147732 
4703 71.147726 
4704 71.147720 
4705 71.147713 
4706 71.147707 
4707 71.147701 
4708 71.147695 
4709 71.147689 
4710 71.147683 
4711 71.147677 
4712 71.147671 
4713 71.147665 
4714 71.147659 
4715 71.147653 
4716 71.147647 
4717 71.147641 
4718 71.147635 
4719 71.147629 
4720 71.147623 
4721 71.147617 
4722 71.147611 
4723 71.147605 
4724 71.147600 
4725 71.147594 
4726 71.147588 
4727 71.147582 
4728 71.147576 
4729 71.147570 
4730 71.147565 
4731 71.147559 
4732 71.147553 
4733 71.147547 
4734 71.147542 
4735 71.147536 
4736 71.147530 
4737 71.147525 
4738 71.147519 
4739 71.147513 
4740 71.147508 
4741 71.147502 
4742 71.147496 
4743 71.147491 
4744 71.147485 
4745 71.147480 
4746 71.147474 
4747 71.147469 
4748 71.147463 
4749 71.147458 
4750 71.147452 
4751 71.147447 
4752 71.147441 
4753 71.147436 
4754 71.147430 
4755 71.147425 
4756 71.147419 
4757 71.147414 
4758 71.147408 
4759 71.147403 
4760 71.147398 
4761 71.147392 
4762 71.147387 
4763 71.147382 
4764 71.147376 
4765 71.147371 
4766 71.147366 
4767 71.147360 
4768 71.147355 
4769 71.147350 
4770 71.147345 
4771 71.147339 
4772 71.147334 
4773 71.147329 
4774 71.147324 
4775 71.147319 
4776 71.147314 
4777 71.147308 
4778 71.147303 
4779 71.147298 
4780 71.147293 
4781 71.147288 
4782 71.147283 
4783 71.147278 
4784 71.147273 
4785 71.147268 
4786 71.147263 
4787 71.147258 
4788 71.147252 
4789 71.147247 
4790 71.147242 
4791 71.147238 
4792 71.147233 
4793 71.147228 
4794 71.147223 
4795 71.147218 
4796 71.147213 
4797 71.147208 
4798 71.147203 
4799 71.147198 
4800 71.147193 
4801 71.147188 
4802 71.147184 
4803 71.147179 
4804 71.147174 
4805 71.147169 
4806 71.147164 
4807 71.147159 
4808 71.147155 
4809 71.147150 
4810 71.147145 
4811 71.147140 
4812 71.147136 
4813 71.147131 
4814 71.147126 
4815 71.147122 
4816 71.147117 
4817 71.147112 
4818 71.147108 
4819 71.147103 
4820 71.147098 
4821 71.147094 
4822 71.147089 
4823 71.147084 
4824 71.147080 
4825 71.147075 
4826 71.147071 
4827 71.147066 
4828 71.147062 
4829 71.147057 
4830 71.147053 
4831 71.147048 
4832 71.147044 
4833 71.147039 
4834 71.147035 
4835 71.147030 
4836 71.147026 
4837 71.147021 
4838 71.147017 
4839 71.147012 
4840 71.147008 
4841 71.147003 
4842 71.146999 
4843 71.146995 
4844 71.146990 
4845 71.146986 
4846 71.146982 
4847 71.146977 
4848 71.146973 
4849 71.146969 
4850 71.146964 
4851 71.146960 
4852 71.146956 
4853 71.146951 
4854 71.146947 
4855 71.146943 
4856 71.146939 
4857 71.146934 
4858 71.146930 
4859 71.146926 
4860 71.146922 
4861 71.146918 
4862 71.146913 
4863 71.146909 
4864 71.146905 
4865 71.146901 
4866 71.146897 
4867 71.146893 
4868 71.146889 
4869 71.146884 
4870 71.146880 
4871 71.146876 
4872 71.146872 
4873 71.146868 
4874 71.146864 
4875 71.146860 
4876 71.146856 
4877 71.146852 
4878 71.146848 
4879 71.146844 
4880 71.146840 
4881 71.146836 
4882 71.146832 
4883 71.146828 
4884 71.146824 
4885 71.146820 
4886 71.146816 
4887 71.146812 
4888 71.146808 
4889 71.146804 
4890 71.146800 
4891 71.146797 
4892 71.146793 
4893 71.146789 
4894 71.146785 
4895 71.146781 
4896 71.146777 
4897 71.146773 
4898 71.146770 
4899 71.146766 
4900 71.146762 
4901 71.146758 
4902 71.146754 
4903 71.146751 
4904 71.146747 
4905 71.146743 
4906 71.146739 
4907 71.146736 
4908 71.146732 
4909 71.146728 
4910 71.146724 
4911 71.146721 
4912 71.146717 
4913 71.146713 
4914 71.146710 
4915 71.146706 
4916 71.146702 
4917 71.146699 
4918 71.146695 
4919 71.146691 
4920 71.146688 
4921 71.146684 
4922 71.146680 
4923 71.146677 
4924 71.146673 
4925 71.146670 
4926 71.146666 
4927 71.146663 
4928 71.146659 
4929 71.146655 
4930 71.146652 
4931 71.146648 
4932 71.146645 
4933 71.146641 
4934 71.146638 
4935 71.146634 
4936 71.146631 
4937 71.146627 
4938 71.146624 
4939 71.146621 
4940 71.146617 
4941 71.146614 
4942 71.146610 
4943 71.146607 
4944 71.146603 
4945 71.146600 
4946 71.146597 
4947 71.146593 
4948 71.146590 
4949 71.146586 
4950 71.146583 
4951 71.146580 
4952 71.146576 
4953 71.146573 
4954 71.146570 
4955 71.146566 
4956 71.146563 
4957 71.146560 
4958 71.146556 
4959 71.146553 
4960 71.146550 
4961 71.146547 
4962 71.146543 
4963 71.146540 
4964 71.146537 
4965 71.146534 
4966 71.146530 
4967 71.146527 
4968 71.146524 
4969 71.146521 
4970 71.146518 
4971 71.146514 
4972 71.146511 
4973 71.146508 
4974 71.146505 
4975 71.146502 
4976 71.146498 
4977 71.146495 
4978 71.146492 
4979 71.146489 
4980 71.146486 
4981 71.146483 
4982 71.146480 
4983 71.146477 
4984 71.146474 
4985 71.146470 
4986 71.146467 
4987 71.146464 
4988 71.146461 
4989 71.146458 
4990 71.146455 
4991 71.146452 
4992 71.146449 
4993 71.146446 
4994 71.146443 
4995 71.146440 
4996 71.146437 
4997 71.146434 
4998 71.146431 
4999 71.146428 
5000 71.146425 
5001 71.146422 
5002 71.146419 
5003 71.146416 
5004 71.146413 
5005 71.146410 
5006 71.146407 
5007 71.146405 
5008 71.146402 
5009 71.146399 
5010 71.146396 
5011 71.146393 
5012 71.146390 
5013 71.146387 
5014 71.146384 
5015 71.146381 
5016 71.146379 
5017 71.146376 
5018 71.146373 
5019 71.146370 
5020 71.146367 
5021 71.146364 
5022 71.146362 
5023 71.146359 
5024 71.146356 
5025 71.146353 
5026 71.146350 
5027 71.146348 
5028 71.146345 
5029 71.146342 
5030 71.146339 
5031 71.146337 
5032 71.146334 
5033 71.146331 
5034 71.146328 
5035 71.146326 
5036 71.146323 
5037 71.146320 
5038 71.146318 
5039 71.146315 
5040 71.146312 
5041 71.146310 
5042 71.146307 
5043 71.146304 
5044 71.146302 
5045 71.146299 
5046 71.146296 
5047 71.146294 
5048 71.146291 
5049 71.146288 
5050 71.146286 
5051 71.146283 
5052 71.146280 
5053 71.146278 
5054 71.146275 
5055 71.146273 
5056 71.146270 
5057 71.146268 
5058 71.146265 
5059 71.146262 
5060 71.146260 
5061 71.146257 
5062 71.146255 
5063 71.146252 
5064 71.146250 
5065 71.146247 
5066 71.146245 
5067 71.146242 
5068 71.146240 
5069 71.146237 
5070 71.146235 
5071 71.146232 
5072 71.146230 
5073 71.146227 
5074 71.146225 
5075 71.146222 
5076 71.146220 
5077 71.146217 
5078 71.146215 
5079 71.146213 
5080 71.146210 
5081 71.146208 
5082 71.146205 
5083 71.146203 
5084 71.146200 
5085 71.146198 
5086 71.146196 
5087 71.146193 
5088 71.146191 
5089 71.146189 
5090 71.146186 
5091 71.146184 
5092 71.146181 
5093 71.146179 
5094 71.146177 
5095 71.146174 
5096 71.146172 
5097 71.146170 
5098 71.146167 
5099 71.146165 
5100 71.146163 
5101 71.146160 
5102 71.146158 
5103 71.146156 
5104 71.146154 
5105 71.146151 
5106 71.146149 
5107 71.146147 
5108 71.146145 
5109 71.146142 
5110 71.146140 
5111 71.146138 
5112 71.146136 
5113 71.146133 
5114 71.146131 
5115 71.146129 
5116 71.146127 
5117 71.146124 
5118 71.146122 
5119 71.146120 
5120 71.146118 
5121 71.146116 
5122 71.146113 
5123 71.146111 
5124 71.146109 
5125 71.146107 
5126 71.146105 
5127 71.146103 
5128 71.146100 
5129 71.146098 
5130 71.146096 
5131 71.146094 
5132 71.146092 
5133 71.146090 
5134 71.146088 
5135 71.146086 
5136 71.146083 
5137 71.146081 
5138 71.146079 
5139 71.146077 
5140 71.146075 
5141 71.146073 
5142 71.146071 
5143 71.146069 
5144 71.146067 
5145 71.146065 
5146 71.146063 
5147 71.146061 
5148 71.146059 
5149 71.146057 
5150 71.146054 
5151 71.146052 
5152 71.146050 
5153 71.146048 
5154 71.146046 
5155 71.146044 
5156 71.146042 
5157 71.146040 
5158 71.146038 
5159 71.146036 
5160 71.146034 
5161 71.146032 
5162 71.146030 
5163 71.146028 
5164 71.146027 
5165 71.146025 
5166 71.146023 
5167 71.146021 
5168 71.146019 
5169 71.146017 
5170 71.146015 
5171 71.146013 
5172 71.146011 
5173 71.146009 
5174 71.146007 
5175 71.146005 
5176 71.146003 
5177 71.146001 
5178 71.146000 
5179 71.145998 
5180 71.145996 
5181 71.145994 
5182 71.145992 
5183 71.145990 
5184 71.145988 
5185 71.145986 
5186 71.145985 
5187 71.145983 
5188 71.145981 
5189 71.145979 
5190 71.145977 
5191 71.145975 
5192 71.145974 
5193 71.145972 
5194 71.145970 
5195 71.145968 
5196 71.145966 
5197 71.145965 
5198 71.145963 
5199 71.145961 
5200 71.145959 
5201 71.145957 
5202 71.145956 
5203 71.145954 
5204 71.145952 
5205 71.145950 
5206 71.145948 
5207 71.145947 
5208 71.145945 
5209 71.145943 
5210 71.145941 
5211 71.145940 
5212 71.145938 
5213 71.145936 
5214 71.145935 
5215 71.145933 
5216 71.145931 
5217 71.145929 
5218 71.145928 
5219 71.145926 
5220 71.145924 
5221 71.145923 
5222 71.145921 
5223 71.145919 
5224 71.145918 
5225 71.145916 
5226 71.145914 
5227 71.145912 
5228 71.145911 
5229 71.145909 
5230 71.145908 
5231 71.145906 
5232 71.145904 
5233 71.145903 
5234 71.145901 
5235 71.145899 
5236 71.145898 
5237 71.145896 
5238 71.145894 
5239 71.145893 
5240 71.145891 
5241 71.145890 
5242 71.145888 
5243 71.145886 
5244 71.145885 
5245 71.145883 
5246 71.145882 
5247 71.145880 
5248 71.145878 
5249 71.145877 
5250 71.145875 
5251 71.145874 
5252 71.145872 
5253 71.145871 
5254 71.145869 
5255 71.145867 
5256 71.145866 
5257 71.145864 
5258 71.145863 
5259 71.145861 
5260 71.145860 
5261 71.145858 
5262 71.145857 
5263 71.145855 
5264 71.145854 
5265 71.145852 
5266 71.145851 
5267 71.145849 
5268 71.145848 
5269 71.145846 
5270 71.145845 
5271 71.145843 
5272 71.145842 
5273 71.145840 
5274 71.145839 
5275 71.145837 
5276 71.145836 
5277 71.145834 
5278 71.145833 
5279 71.145831 
5280 71.145830 
5281 71.145828 
5282 71.145827 
5283 71.145826 
5284 71.145824 
5285 71.145823 
5286 71.145821 
5287 71.145820 
5288 71.145818 
5289 71.145817 
5290 71.145816 
5291 71.145814 
5292 71.145813 
5293 71.145811 
5294 71.145810 
5295 71.145809 
5296 71.145807 
5297 71.145806 
5298 71.145804 
5299 71.145803 
5300 71.145802 
5301 71.145800 
5302 71.145799 
5303 71.145797 
5304 71.145796 
5305 71.145795 
5306 71.145793 
5307 71.145792 
5308 71.145791 
5309 71.145789 
5310 71.145788 
5311 71.145787 
5312 71.145785 
5313 71.145784 
5314 71.145783 
5315 71.145781 
5316 71.145780 
5317 71.145779 
5318 71.145777 
5319 71.145776 
5320 71.145775 
5321 71.145773 
5322 71.145772 
5323 71.145771 
5324 71.145769 
5325 71.145768 
5326 71.145767 
5327 71.145766 
5328 71.145764 
5329 71.145763 
5330 71.145762 
5331 71.145761 
5332 71.145759 
5333 71.145758 
5334 71.145757 
5335 71.145755 
5336 71.145754 
5337 71.145753 
5338 71.145752 
5339 71.145750 
5340 71.145749 
5341 71.145748 
5342 71.145747 
5343 71.145745 
5344 71.145744 
5345 71.145743 
5346 71.145742 
5347 71.145741 
5348 71.145739 
5349 71.145738 
5350 71.145737 
5351 71.145736 
5352 71.145735 
5353 71.145733 
5354 71.145732 
5355 71.145731 
5356 71.145730 
5357 71.145729 
5358 71.145727 
5359 71.145726 
5360 71.145725 
5361 71.145724 
5362 71.145723 
5363 71.145721 
5364 71.145720 
5365 71.145719 
5366 71.145718 
5367 71.145717 
5368 71.145716 
5369 71.145715 
5370 71.145713 
5371 71.145712 
5372 71.145711 
5373 71.145710 
5374 71.145709 
5375 71.145708 
5376 71.145707 
5377 71.145705 
5378 71.145704 
5379 71.145703 
5380 71.145702 
5381 71.145701 
5382 71.145700 
5383 71.145699 
5384 71.145698 
5385 71.145696 
5386 71.145695 
5387 71.145694 
5388 71.145693 
5389 71.145692 
5390 71.145691 
5391 71.145690 
5392 71.145689 
5393 71.145688 
5394 71.145687 
5395 71.145686 
5396 71.145685 
5397 71.145683 
5398 71.145682 
5399 71.145681 
5400 71.145680 
5401 71.145679 
5402 71.145678 
5403 71.145677 
5404 71.145676 
5405 71.145675 
5406 71.145674 
5407 71.145673 
5408 71.145672 
5409 71.145671 
5410 71.145670 
5411 71.145669 
5412 71.145668 
5413 71.145667 
5414 71.145666 
5415 71.145665 
5416 71.145664 
5417 71.145663 
5418 71.145662 
5419 71.145661 
5420 71.145660 
5421 71.145659 
5422 71.145658 
5423 71.145657 
5424 71.145656 
5425 71.145655 
5426 71.145654 
5427 71.145653 
5428 71.145652 
5429 71.145651 
5430 71.145650 
5431 71.145649 
5432 71.145648 
5433 71.145647 
5434 71.145646 
5435 71.145645 
5436 71.145644 
5437 71.145643 
5438 71.145642 
5439 71.145641 
5440 71.145640 
5441 71.145639 
5442 71.145638 
5443 71.145637 
5444 71.145636 
5445 71.145635 
5446 71.145634 
5447 71.145633 
5448 71.145633 
5449 71.145632 
5450 71.145631 
5451 71.145630 
5452 71.145629 
5453 71.145628 
5454 71.145627 
5455 71.145626 
5456 71.145625 
5457 71.145624 
5458 71.145623 
5459 71.145622 
5460 71.145622 
5461 71.145621 
5462 71.145620 
5463 71.145619 
5464 71.145618 
5465 71.145617 
5466 71.145616 
5467 71.145615 
5468 71.145614 
5469 71.145613 
5470 71.145613 
5471 71.145612 
5472 71.145611 
5473 71.145610 
5474 71.145609 
5475 71.145608 
5476 71.145607 
5477 71.145607 
5478 71.145606 
5479 71.145605 
5480 71.145604 
5481 71.145603 
5482 71.145602 
5483 71.145601 
5484 71.145601 
5485 71.145600 
5486 71.145599 
5487 71.145598 
5488 71.145597 
5489 71.145596 
5490 71.145596 
5491 71.145595 
5492 71.145594 
5493 71.145593 
5494 71.145592 
5495 71.145591 
5496 71.145591 
5497 71.145590 
5498 71.145589 
5499 71.145588 
5500 71.145587 
5501 71.145586 
5502 71.145586 
5503 71.145585 
5504 71.145584 
5505 71.145583 
5506 71.145582 
5507 71.145582 
5508 71.145581 
5509 71.145580 
5510 71.145579 
5511 71.145579 
5512 71.145578 
5513 71.145577 
5514 71.145576 
5515 71.145575 
5516 71.145575 
5517 71.145574 
5518 71.145573 
5519 71.145572 
5520 71.145572 
5521 71.145571 
5522 71.145570 
5523 71.145569 
5524 71.145568 
5525 71.145568 
5526 71.145567 
5527 71.145566 
5528 71.145565 
5529 71.145565 
5530 71.145564 
5531 71.145563 
5532 71.145562 
5533 71.145562 
5534 71.145561 
5535 71.145560 
5536 71.145560 
5537 71.145559 
5538 71.145558 
5539 71.145557 
5540 71.145557 
5541 71.145556 
5542 71.145555 
5543 71.145554 
5544 71.145554 
5545 71.145553 
5546 71.145552 
5547 71.145552 
5548 71.145551 
