0.000000 0.000000 10.000000 
0.000000 0.100000 -10.000000 
0.000000 0.200000 -10.000000 
0.000000 0.300000 -10.000000 
0.000000 0.400000 -10.000000 
0.000000 0.500000 -10.000000 
0.000000 0.600000 -10.000000 
0.000000 0.700000 -10.000000 
0.000000 0.800000 -10.000000 
0.000000 0.900000 -10.000000 
0.000000 1.000000 -10.000000 
0.000000 1.100000 -10.000000 
0.000000 1.200000 -10.000000 
0.000000 1.300000 -10.000000 
0.000000 1.400000 -10.000000 
0.000000 1.500000 -10.000000 
0.000000 1.600000 -10.000000 
0.000000 1.700000 -10.000000 
0.000000 1.800000 -10.000000 
0.000000 1.900000 -10.000000 
0.000000 2.000000 -10.000000 
0.000000 2.100000 -10.000000 
0.000000 2.200000 -10.000000 
0.000000 2.300000 -10.000000 
0.000000 2.400000 -10.000000 
0.000000 2.500000 -10.000000 
0.000000 2.600000 -10.000000 
0.000000 2.700000 -10.000000 
0.000000 2.800000 -10.000000 
0.000000 2.900000 -10.000000 
0.000000 3.000000 -10.000000 
0.000000 3.100000 -10.000000 
0.000000 3.200000 -10.000000 
0.000000 3.300000 -10.000000 
0.000000 3.400000 -10.000000 
0.000000 3.500000 -10.000000 
0.000000 3.600000 -10.000000 
0.000000 3.700000 -10.000000 
0.000000 3.800000 -10.000000 
0.000000 3.900000 -10.000000 
0.000000 4.000000 -10.000000 
0.000000 4.100000 -10.000000 
0.000000 4.200000 -10.000000 
0.000000 4.300000 -10.000000 
0.000000 4.400000 -10.000000 
0.000000 4.500000 -10.000000 
0.000000 4.600000 -10.000000 
0.000000 4.700000 -10.000000 
0.000000 4.800000 -10.000000 
0.000000 4.900000 -10.000000 
0.000000 5.000000 10.000000 

0.100000 0.000000 10.000000 
0.100000 0.100000 2.178656 
0.100000 0.200000 -0.739549 
0.100000 0.300000 -2.186878 
0.100000 0.400000 -3.074985 
0.100000 0.500000 -3.699122 
0.100000 0.600000 -4.175971 
0.100000 0.700000 -4.560155 
0.100000 0.800000 -4.880779 
0.100000 0.900000 -5.154905 
0.100000 1.000000 -5.393265 
0.100000 1.100000 -5.602986 
0.100000 1.200000 -5.789005 
0.100000 1.300000 -5.954859 
0.100000 1.400000 -6.103157 
0.100000 1.500000 -6.235869 
0.100000 1.600000 -6.354513 
0.100000 1.700000 -6.460280 
0.100000 1.800000 -6.554115 
0.100000 1.900000 -6.636780 
0.100000 2.000000 -6.708897 
0.100000 2.100000 -6.770972 
0.100000 2.200000 -6.823420 
0.100000 2.300000 -6.866582 
0.100000 2.400000 -6.900730 
0.100000 2.500000 -6.926081 
0.100000 2.600000 -6.942795 
0.100000 2.700000 -6.950978 
0.100000 2.800000 -6.950682 
0.100000 2.900000 -6.941900 
0.100000 3.000000 -6.924556 
0.100000 3.100000 -6.898499 
0.100000 3.200000 -6.863481 
0.100000 3.300000 -6.819138 
0.100000 3.400000 -6.764958 
0.100000 3.500000 -6.700237 
0.100000 3.600000 -6.624010 
0.100000 3.700000 -6.534968 
0.100000 3.800000 -6.431312 
0.100000 3.900000 -6.310550 
0.100000 4.000000 -6.169161 
0.100000 4.100000 -6.002060 
0.100000 4.200000 -5.801664 
0.100000 4.300000 -5.556191 
0.100000 4.400000 -5.246336 
0.100000 4.500000 -4.838184 
0.100000 4.600000 -4.266393 
0.100000 4.700000 -3.389155 
0.100000 4.800000 -1.850380 
0.100000 4.900000 1.401279 
0.100000 5.000000 10.000000 

0.200000 0.000000 10.000000 
0.200000 0.100000 5.880064 
0.200000 0.200000 3.244055 
0.200000 0.300000 1.552157 
0.200000 0.400000 0.387106 
0.200000 0.500000 -0.474095 
0.200000 0.600000 -1.147528 
0.200000 0.700000 -1.696437 
0.200000 0.800000 -2.157463 
0.200000 0.900000 -2.553119 
0.200000 1.000000 -2.897965 
0.200000 1.100000 -3.201824 
0.200000 1.200000 -3.471564 
0.200000 1.300000 -3.712130 
0.200000 1.400000 -3.927170 
0.200000 1.500000 -4.119435 
0.200000 1.600000 -4.291034 
0.200000 1.700000 -4.443612 
0.200000 1.800000 -4.578464 
0.200000 1.900000 -4.696623 
0.200000 2.000000 -4.798919 
0.200000 2.100000 -4.886018 
0.200000 2.200000 -4.958456 
0.200000 2.300000 -5.016661 
0.200000 2.400000 -5.060962 
0.200000 2.500000 -5.091608 
0.200000 2.600000 -5.108762 
0.200000 2.700000 -5.112512 
0.200000 2.800000 -5.102860 
0.200000 2.900000 -5.079718 
0.200000 3.000000 -5.042897 
0.200000 3.100000 -4.992083 
0.200000 3.200000 -4.926818 
0.200000 3.300000 -4.846457 
0.200000 3.400000 -4.750122 
0.200000 3.500000 -4.636631 
0.200000 3.600000 -4.504394 
0.200000 3.700000 -4.351277 
0.200000 3.800000 -4.174385 
0.200000 3.900000 -3.969749 
0.200000 4.000000 -3.731840 
0.200000 4.100000 -3.452782 
0.200000 4.200000 -3.121057 
0.200000 4.300000 -2.719250 
0.200000 4.400000 -2.219955 
0.200000 4.500000 -1.577959 
0.200000 4.600000 -0.714673 
0.200000 4.700000 0.513486 
0.200000 4.800000 2.376188 
0.200000 4.900000 5.353748 
0.200000 5.000000 10.000000 

0.300000 0.000000 10.000000 
0.300000 0.100000 7.380302 
0.300000 0.200000 5.294372 
0.300000 0.300000 3.721675 
0.300000 0.400000 2.524908 
0.300000 0.500000 1.587045 
0.300000 0.600000 0.828398 
0.300000 0.700000 0.197481 
0.300000 0.800000 -0.339017 
0.300000 0.900000 -0.803101 
0.300000 1.000000 -1.209702 
0.300000 1.100000 -1.569229 
0.300000 1.200000 -1.889123 
0.300000 1.300000 -2.174820 
0.300000 1.400000 -2.430375 
0.300000 1.500000 -2.658860 
0.300000 1.600000 -2.862641 
0.300000 1.700000 -3.043559 
0.300000 1.800000 -3.203065 
0.300000 1.900000 -3.342310 
0.300000 2.000000 -3.462211 
0.300000 2.100000 -3.563497 
0.300000 2.200000 -3.646749 
0.300000 2.300000 -3.712418 
0.300000 2.400000 -3.760845 
0.300000 2.500000 -3.792271 
0.300000 2.600000 -3.806840 
0.300000 2.700000 -3.804603 
0.300000 2.800000 -3.785511 
0.300000 2.900000 -3.749406 
0.300000 3.000000 -3.696005 
0.300000 3.100000 -3.624877 
0.300000 3.200000 -3.535414 
0.300000 3.300000 -3.426784 
0.300000 3.400000 -3.297871 
0.300000 3.500000 -3.147196 
0.300000 3.600000 -2.972794 
0.300000 3.700000 -2.772058 
0.300000 3.800000 -2.541499 
0.300000 3.900000 -2.276399 
0.300000 4.000000 -1.970300 
0.300000 4.100000 -1.614206 
0.300000 4.200000 -1.195344 
0.300000 4.300000 -0.695161 
0.300000 4.400000 -0.086071 
0.300000 4.500000 0.673860 
0.300000 4.600000 1.649271 
0.300000 4.700000 2.938905 
0.300000 4.800000 4.683546 
0.300000 4.900000 7.037926 
0.300000 5.000000 10.000000 

0.400000 0.000000 10.000000 
0.400000 0.100000 8.116508 
0.400000 0.200000 6.458549 
0.400000 0.300000 5.079147 
0.400000 0.400000 3.947622 
0.400000 0.500000 3.013374 
0.400000 0.600000 2.230751 
0.400000 0.700000 1.564572 
0.400000 0.800000 0.989168 
0.400000 0.900000 0.486089 
0.400000 1.000000 0.042043 
0.400000 1.100000 -0.352645 
0.400000 1.200000 -0.705113 
0.400000 1.300000 -1.020695 
0.400000 1.400000 -1.303437 
0.400000 1.500000 -1.556441 
0.400000 1.600000 -1.782115 
0.400000 1.700000 -1.982344 
0.400000 1.800000 -2.158616 
0.400000 1.900000 -2.312111 
0.400000 2.000000 -2.443766 
0.400000 2.100000 -2.554325 
0.400000 2.200000 -2.644372 
0.400000 2.300000 -2.714355 
0.400000 2.400000 -2.764605 
0.400000 2.500000 -2.795344 
0.400000 2.600000 -2.806694 
0.400000 2.700000 -2.798670 
0.400000 2.800000 -2.771181 
0.400000 2.900000 -2.724017 
0.400000 3.000000 -2.656833 
0.400000 3.100000 -2.569121 
0.400000 3.200000 -2.460181 
0.400000 3.300000 -2.329072 
0.400000 3.400000 -2.174550 
0.400000 3.500000 -1.994983 
0.400000 3.600000 -1.788234 
0.400000 3.700000 -1.551501 
0.400000 3.800000 -1.281089 
0.400000 3.900000 -0.972097 
0.400000 4.000000 -0.617954 
0.400000 4.100000 -0.209767 
0.400000 4.200000 0.264641 
0.400000 4.300000 0.822113 
0.400000 4.400000 1.486104 
0.400000 4.500000 2.289199 
0.400000 4.600000 3.275692 
0.400000 4.700000 4.502005 
0.400000 4.800000 6.028257 
0.400000 4.900000 7.885703 
0.400000 5.000000 10.000000 

0.500000 0.000000 10.000000 
0.500000 0.100000 8.531923 
0.500000 0.200000 7.173791 
0.500000 0.300000 5.973788 
0.500000 0.400000 4.935364 
0.500000 0.500000 4.041050 
0.500000 0.600000 3.267944 
0.500000 0.700000 2.594642 
0.500000 0.800000 2.003408 
0.500000 0.900000 1.480284 
0.500000 1.000000 1.014517 
0.500000 1.100000 0.597883 
0.500000 1.200000 0.224081 
0.500000 1.300000 -0.111734 
0.500000 1.400000 -0.413314 
0.500000 1.500000 -0.683588 
0.500000 1.600000 -0.924852 
0.500000 1.700000 -1.138924 
0.500000 1.800000 -1.327244 
0.500000 1.900000 -1.490958 
0.500000 2.000000 -1.630978 
0.500000 2.100000 -1.748026 
0.500000 2.200000 -1.842664 
0.500000 2.300000 -1.915322 
0.500000 2.400000 -1.966307 
0.500000 2.500000 -1.995819 
0.500000 2.600000 -2.003954 
0.500000 2.700000 -1.990702 
0.500000 2.800000 -1.955941 
0.500000 2.900000 -1.899428 
0.500000 3.000000 -1.820780 
0.500000 3.100000 -1.719452 
0.500000 3.200000 -1.594703 
0.500000 3.300000 -1.445550 
0.500000 3.400000 -1.270708 
0.500000 3.500000 -1.068515 
0.500000 3.600000 -0.836820 
0.500000 3.700000 -0.572845 
0.500000 3.800000 -0.272989 
0.500000 3.900000 0.067426 
0.500000 4.000000 0.454512 
0.500000 4.100000 0.896277 
0.500000 4.200000 1.403243 
0.500000 4.300000 1.989202 
0.500000 4.400000 2.672054 
0.500000 4.500000 3.474421 
0.500000 4.600000 4.423279 
0.500000 4.700000 5.546795 
0.500000 4.800000 6.865053 
0.500000 4.900000 8.370540 
0.500000 5.000000 10.000000 

0.600000 0.000000 10.000000 
0.600000 0.100000 8.791072 
0.600000 0.200000 7.642550 
0.600000 0.300000 6.589221 
0.600000 0.400000 5.643089 
0.600000 0.500000 4.801357 
0.600000 0.600000 4.054262 
0.600000 0.700000 3.390065 
0.600000 0.800000 2.797534 
0.600000 0.900000 2.266922 
0.600000 1.000000 1.790158 
0.600000 1.100000 1.360724 
0.600000 1.200000 0.973414 
0.600000 1.300000 0.624092 
0.600000 1.400000 0.309472 
0.600000 1.500000 0.026939 
0.600000 1.600000 -0.225589 
0.600000 1.700000 -0.449779 
0.600000 1.800000 -0.646962 
0.600000 1.900000 -0.818207 
0.600000 2.000000 -0.964364 
0.600000 2.100000 -1.086105 
0.600000 2.200000 -1.183955 
0.600000 2.300000 -1.258308 
0.600000 2.400000 -1.309446 
0.600000 2.500000 -1.337543 
0.600000 2.600000 -1.342670 
0.600000 2.700000 -1.324797 
0.600000 2.800000 -1.283784 
0.600000 2.900000 -1.219372 
0.600000 3.000000 -1.131167 
0.600000 3.100000 -1.018616 
0.600000 3.200000 -0.880979 
0.600000 3.300000 -0.717286 
0.600000 3.400000 -0.526286 
0.600000 3.500000 -0.306378 
0.600000 3.600000 -0.055522 
0.600000 3.700000 0.228878 
0.600000 3.800000 0.550118 
0.600000 3.900000 0.912387 
0.600000 4.000000 1.321000 
0.600000 4.100000 1.782683 
0.600000 4.200000 2.305881 
0.600000 4.300000 2.901053 
0.600000 4.400000 3.580800 
0.600000 4.500000 4.359523 
0.600000 4.600000 5.252054 
0.600000 4.700000 6.270297 
0.600000 4.800000 7.416786 
0.600000 4.900000 8.674970 
0.600000 5.000000 10.000000 

0.700000 0.000000 10.000000 
0.700000 0.100000 8.964711 
0.700000 0.200000 7.965980 
0.700000 0.300000 7.028085 
0.700000 0.400000 6.163512 
0.700000 0.500000 5.375306 
0.700000 0.600000 4.660686 
0.700000 0.700000 4.014043 
0.700000 0.800000 3.428888 
0.700000 0.900000 2.898904 
0.700000 1.000000 2.418429 
0.700000 1.100000 1.982611 
0.700000 1.200000 1.587390 
0.700000 1.300000 1.229425 
0.700000 1.400000 0.905983 
0.700000 1.500000 0.614843 
0.700000 1.600000 0.354202 
0.700000 1.700000 0.122597 
0.700000 1.800000 -0.081154 
0.700000 1.900000 -0.258004 
0.700000 2.000000 -0.408717 
0.700000 2.100000 -0.533900 
0.700000 2.200000 -0.634023 
0.700000 2.300000 -0.709439 
0.700000 2.400000 -0.760395 
0.700000 2.500000 -0.787040 
0.700000 2.600000 -0.789425 
0.700000 2.700000 -0.767505 
0.700000 2.800000 -0.721132 
0.700000 2.900000 -0.650046 
0.700000 3.000000 -0.553861 
0.700000 3.100000 -0.432044 
0.700000 3.200000 -0.283888 
0.700000 3.300000 -0.108482 
0.700000 3.400000 0.095338 
0.700000 3.500000 0.329041 
0.700000 3.600000 0.594472 
0.700000 3.700000 0.893936 
0.700000 3.800000 1.230301 
0.700000 3.900000 1.607119 
0.700000 4.000000 2.028763 
0.700000 4.100000 2.500556 
0.700000 4.200000 3.028877 
0.700000 4.300000 3.621153 
0.700000 4.400000 4.285640 
0.700000 4.500000 5.030747 
0.700000 4.600000 5.863615 
0.700000 4.700000 6.787572 
0.700000 4.800000 7.798304 
0.700000 4.900000 8.879446 
0.700000 5.000000 10.000000 

0.800000 0.000000 10.000000 
0.800000 0.100000 9.087139 
0.800000 0.200000 8.198198 
0.800000 0.300000 7.350371 
0.800000 0.400000 6.554513 
0.800000 0.500000 5.815613 
0.800000 0.600000 5.134363 
0.800000 0.700000 4.508818 
0.800000 0.800000 3.935706 
0.800000 0.900000 3.411290 
0.800000 1.000000 2.931881 
0.800000 1.100000 2.494090 
0.800000 1.200000 2.094933 
0.800000 1.300000 1.731854 
0.800000 1.400000 1.402697 
0.800000 1.500000 1.105661 
0.800000 1.600000 0.839256 
0.800000 1.700000 0.602254 
0.800000 1.800000 0.393651 
0.800000 1.900000 0.212628 
0.800000 2.000000 0.058523 
0.800000 2.100000 -0.069189 
0.800000 2.200000 -0.170916 
0.800000 2.300000 -0.246964 
0.800000 2.400000 -0.297543 
0.800000 2.500000 -0.322774 
0.800000 2.600000 -0.322693 
0.800000 2.700000 -0.297244 
0.800000 2.800000 -0.246281 
0.800000 2.900000 -0.169554 
0.800000 3.000000 -0.066702 
0.800000 3.100000 0.062769 
0.800000 3.200000 0.219503 
0.800000 3.300000 0.404325 
0.800000 3.400000 0.618271 
0.800000 3.500000 0.862634 
0.800000 3.600000 1.139007 
0.800000 3.700000 1.449347 
0.800000 3.800000 1.796033 
0.800000 3.900000 2.181933 
0.800000 4.000000 2.610460 
0.800000 4.100000 3.085607 
0.800000 4.200000 3.611909 
0.800000 4.300000 4.194305 
0.800000 4.400000 4.837779 
0.800000 4.500000 5.546682 
0.800000 4.600000 6.323586 
0.800000 4.700000 7.167595 
0.800000 4.800000 8.072248 
0.800000 4.900000 9.023638 
0.800000 5.000000 10.000000 

0.900000 0.000000 10.000000 
0.900000 0.100000 9.176659 
0.900000 0.200000 8.370000 
0.900000 0.300000 7.592571 
0.900000 0.400000 6.853356 
0.900000 0.500000 6.157679 
0.900000 0.600000 5.507838 
0.900000 0.700000 4.903981 
0.900000 0.800000 4.344920 
0.900000 0.900000 3.828763 
0.900000 1.000000 3.353341 
0.900000 1.100000 2.916474 
0.900000 1.200000 2.516119 
0.900000 1.300000 2.150438 
0.900000 1.400000 1.817823 
0.900000 1.500000 1.516895 
0.900000 1.600000 1.246482 
0.900000 1.700000 1.005603 
0.900000 1.800000 0.793440 
0.900000 1.900000 0.609321 
0.900000 2.000000 0.452699 
0.900000 2.100000 0.323135 
0.900000 2.200000 0.220289 
0.900000 2.300000 0.143908 
0.900000 2.400000 0.093818 
0.900000 2.500000 0.069925 
0.900000 2.600000 0.072208 
0.900000 2.700000 0.100727 
0.900000 2.800000 0.155621 
0.900000 2.900000 0.237117 
0.900000 3.000000 0.345543 
0.900000 3.100000 0.481335 
0.900000 3.200000 0.645062 
0.900000 3.300000 0.837435 
0.900000 3.400000 1.059343 
0.900000 3.500000 1.311873 
0.900000 3.600000 1.596344 
0.900000 3.700000 1.914342 
0.900000 3.800000 2.267746 
0.900000 3.900000 2.658757 
0.900000 4.000000 3.089900 
0.900000 4.100000 3.563991 
0.900000 4.200000 4.084045 
0.900000 4.300000 4.653073 
0.900000 4.400000 5.273731 
0.900000 4.500000 5.947748 
0.900000 4.600000 6.675106 
0.900000 4.700000 7.452996 
0.900000 4.800000 8.274722 
0.900000 4.900000 9.128967 
0.900000 5.000000 10.000000 

1.000000 0.000000 10.000000 
1.000000 0.100000 9.243808 
1.000000 0.200000 8.499887 
1.000000 0.300000 7.777719 
1.000000 0.400000 7.084683 
1.000000 0.500000 6.425836 
1.000000 0.600000 5.804132 
1.000000 0.700000 5.220865 
1.000000 0.800000 4.676161 
1.000000 0.900000 4.169395 
1.000000 1.000000 3.699531 
1.000000 1.100000 3.265343 
1.000000 1.200000 2.865568 
1.000000 1.300000 2.498996 
1.000000 1.400000 2.164518 
1.000000 1.500000 1.861145 
1.000000 1.600000 1.588013 
1.000000 1.700000 1.344383 
1.000000 1.800000 1.129627 
1.000000 1.900000 0.943221 
1.000000 2.000000 0.784734 
1.000000 2.100000 0.653821 
1.000000 2.200000 0.550208 
1.000000 2.300000 0.473697 
1.000000 2.400000 0.424152 
1.000000 2.500000 0.401503 
1.000000 2.600000 0.405743 
1.000000 2.700000 0.436930 
1.000000 2.800000 0.495191 
1.000000 2.900000 0.580726 
1.000000 3.000000 0.693818 
1.000000 3.100000 0.834841 
1.000000 3.200000 1.004270 
1.000000 3.300000 1.202698 
1.000000 3.400000 1.430849 
1.000000 3.500000 1.689599 
1.000000 3.600000 1.979986 
1.000000 3.700000 2.303230 
1.000000 3.800000 2.660738 
1.000000 3.900000 3.054097 
1.000000 4.000000 3.485054 
1.000000 4.100000 3.955444 
1.000000 4.200000 4.467078 
1.000000 4.300000 5.021541 
1.000000 4.400000 5.619887 
1.000000 4.500000 6.262209 
1.000000 4.600000 6.947087 
1.000000 4.700000 7.670966 
1.000000 4.800000 8.427613 
1.000000 4.900000 9.207873 
1.000000 5.000000 10.000000 

1.100000 0.000000 10.000000 
1.100000 0.100000 9.295029 
1.100000 0.200000 8.599508 
1.100000 0.300000 7.920855 
1.100000 0.400000 7.265193 
1.100000 0.500000 6.637133 
1.100000 0.600000 6.039823 
1.100000 0.700000 5.475157 
1.100000 0.800000 4.944064 
1.100000 0.900000 4.446776 
1.100000 1.000000 3.983072 
1.100000 1.100000 3.552460 
1.100000 1.200000 3.154306 
1.100000 1.300000 2.787927 
1.100000 1.400000 2.452645 
1.100000 1.500000 2.147824 
1.100000 1.600000 1.872885 
1.100000 1.700000 1.627315 
1.100000 1.800000 1.410669 
1.100000 1.900000 1.222569 
1.100000 2.000000 1.062697 
1.100000 2.100000 0.930797 
1.100000 2.200000 0.826668 
1.100000 2.300000 0.750159 
1.100000 2.400000 0.701175 
1.100000 2.500000 0.679668 
1.100000 2.600000 0.685640 
1.100000 2.700000 0.719148 
1.100000 2.800000 0.780300 
1.100000 2.900000 0.869267 
1.100000 3.000000 0.986282 
1.100000 3.100000 1.131647 
1.100000 3.200000 1.305745 
1.100000 3.300000 1.509043 
1.100000 3.400000 1.742102 
1.100000 3.500000 2.005585 
1.100000 3.600000 2.300264 
1.100000 3.700000 2.627014 
1.100000 3.800000 2.986813 
1.100000 3.900000 3.380714 
1.100000 4.000000 3.809806 
1.100000 4.100000 4.275135 
1.100000 4.200000 4.777591 
1.100000 4.300000 5.317729 
1.100000 4.400000 5.895533 
1.100000 4.500000 6.510102 
1.100000 4.600000 7.159298 
1.100000 4.700000 7.839388 
1.100000 4.800000 8.544784 
1.100000 4.900000 9.268009 
1.100000 5.000000 10.000000 

1.200000 0.000000 10.000000 
1.200000 0.100000 9.334459 
1.200000 0.200000 8.676493 
1.200000 0.300000 8.032103 
1.200000 0.400000 7.406460 
1.200000 0.500000 6.803726 
1.200000 0.600000 6.227026 
1.200000 0.700000 5.678551 
1.200000 0.800000 5.159707 
1.200000 0.900000 4.671296 
1.200000 1.000000 4.213679 
1.200000 1.100000 3.786911 
1.200000 1.200000 3.390855 
1.200000 1.300000 3.025257 
1.200000 1.400000 2.689806 
1.200000 1.500000 2.384172 
1.200000 1.600000 2.108029 
1.200000 1.700000 1.861073 
1.200000 1.800000 1.643025 
1.200000 1.900000 1.453645 
1.200000 2.000000 1.292723 
1.200000 2.100000 1.160090 
1.200000 2.200000 1.055609 
1.200000 2.300000 0.979182 
1.200000 2.400000 0.930745 
1.200000 2.500000 0.910273 
1.200000 2.600000 0.917777 
1.200000 2.700000 0.953306 
1.200000 2.800000 1.016953 
1.200000 2.900000 1.108852 
1.200000 3.000000 1.229186 
1.200000 3.100000 1.378188 
1.200000 3.200000 1.556143 
1.200000 3.300000 1.763396 
1.200000 3.400000 2.000351 
1.200000 3.500000 2.267473 
1.200000 3.600000 2.565282 
1.200000 3.700000 2.894348 
1.200000 3.800000 3.255271 
1.200000 3.900000 3.648651 
1.200000 4.000000 4.075038 
1.200000 4.100000 4.534861 
1.200000 4.200000 5.028318 
1.200000 4.300000 5.555240 
1.200000 4.400000 6.114904 
1.200000 4.500000 6.705825 
1.200000 4.600000 7.325530 
1.200000 4.700000 7.970358 
1.200000 4.800000 8.635354 
1.200000 4.900000 9.314308 
1.200000 5.000000 10.000000 

1.300000 0.000000 10.000000 
1.300000 0.100000 9.364859 
1.300000 0.200000 8.736007 
1.300000 0.300000 8.118459 
1.300000 0.400000 7.516673 
1.300000 0.500000 6.934415 
1.300000 0.600000 6.374706 
1.300000 0.700000 5.839860 
1.300000 0.800000 5.331567 
1.300000 0.900000 4.851002 
1.300000 1.000000 4.398932 
1.300000 1.100000 3.975822 
1.300000 1.200000 3.581916 
1.300000 1.300000 3.217305 
1.300000 1.400000 2.881982 
1.300000 1.500000 2.575876 
1.300000 1.600000 2.298882 
1.300000 1.700000 2.050878 
1.300000 1.800000 1.831739 
1.300000 1.900000 1.641346 
1.300000 2.000000 1.479592 
1.300000 2.100000 1.346385 
1.300000 2.200000 1.241651 
1.300000 2.300000 1.165338 
1.300000 2.400000 1.117414 
1.300000 2.500000 1.097871 
1.300000 2.600000 1.106727 
1.300000 2.700000 1.144026 
1.300000 2.800000 1.209839 
1.300000 2.900000 1.304267 
1.300000 3.000000 1.427443 
1.300000 3.100000 1.579528 
1.300000 3.200000 1.760720 
1.300000 3.300000 1.971245 
1.300000 3.400000 2.211362 
1.300000 3.500000 2.481353 
1.300000 3.600000 2.781517 
1.300000 3.700000 3.112153 
1.300000 3.800000 3.473541 
1.300000 3.900000 3.865905 
1.300000 4.000000 4.289366 
1.300000 4.100000 4.743873 
1.300000 4.200000 5.229118 
1.300000 4.300000 5.744424 
1.300000 4.400000 6.288613 
1.300000 4.500000 6.859864 
1.300000 4.600000 7.455577 
1.300000 4.700000 8.072264 
1.300000 4.800000 8.705517 
1.300000 4.900000 9.350072 
1.300000 5.000000 10.000000 

1.400000 0.000000 10.000000 
1.400000 0.100000 9.388129 
1.400000 0.200000 8.781647 
1.400000 0.300000 8.184870 
1.400000 0.400000 7.601729 
1.400000 0.500000 7.035663 
1.400000 0.600000 6.489566 
1.400000 0.700000 5.965789 
1.400000 0.800000 5.466184 
1.400000 0.900000 4.992170 
1.400000 1.000000 4.544800 
1.400000 1.100000 4.124838 
1.400000 1.200000 3.732819 
1.400000 1.300000 3.369109 
1.400000 1.400000 3.033945 
1.400000 1.500000 2.727474 
1.400000 1.600000 2.449776 
1.400000 1.700000 2.200889 
1.400000 1.800000 1.980821 
1.400000 1.900000 1.789562 
1.400000 2.000000 1.627095 
1.400000 2.100000 1.493399 
1.400000 2.200000 1.388455 
1.400000 2.300000 1.312253 
1.400000 2.400000 1.264789 
1.400000 2.500000 1.246072 
1.400000 2.600000 1.256123 
1.400000 2.700000 1.294979 
1.400000 2.800000 1.362692 
1.400000 2.900000 1.459330 
1.400000 3.000000 1.584976 
1.400000 3.100000 1.739728 
1.400000 3.200000 1.923700 
1.400000 3.300000 2.137011 
1.400000 3.400000 2.379788 
1.400000 3.500000 2.652152 
1.400000 3.600000 2.954207 
1.400000 3.700000 3.286023 
1.400000 3.800000 3.647612 
1.400000 3.900000 4.038893 
1.400000 4.000000 4.459647 
1.400000 4.100000 4.909461 
1.400000 4.200000 5.387656 
1.400000 4.300000 5.893206 
1.400000 4.400000 6.424639 
1.400000 4.500000 6.979951 
1.400000 4.600000 7.556519 
1.400000 4.700000 8.151053 
1.400000 4.800000 8.759592 
1.400000 4.900000 9.377578 
1.400000 5.000000 10.000000 

1.500000 0.000000 10.000000 
1.500000 0.100000 9.405610 
1.500000 0.200000 8.815970 
1.500000 0.300000 8.234899 
1.500000 0.400000 7.665938 
1.500000 0.500000 7.112269 
1.500000 0.600000 6.576663 
1.500000 0.700000 6.061469 
1.500000 0.800000 5.568632 
1.500000 0.900000 5.099727 
1.500000 1.000000 4.656008 
1.500000 1.100000 4.238458 
1.500000 1.200000 3.847835 
1.500000 1.300000 3.484718 
1.500000 1.400000 3.149539 
1.500000 1.500000 2.842623 
1.500000 1.600000 2.564206 
1.500000 1.700000 2.314459 
1.500000 1.800000 2.093503 
1.500000 1.900000 1.901425 
1.500000 2.000000 1.738283 
1.500000 2.100000 1.604119 
1.500000 2.200000 1.498964 
1.500000 2.300000 1.422842 
1.500000 2.400000 1.375773 
1.500000 2.500000 1.357781 
1.500000 2.600000 1.368890 
1.500000 2.700000 1.409128 
1.500000 2.800000 1.478528 
1.500000 2.900000 1.577129 
1.500000 3.000000 1.704968 
1.500000 3.100000 1.862087 
1.500000 3.200000 2.048521 
1.500000 3.300000 2.264297 
1.500000 3.400000 2.509424 
1.500000 3.500000 2.783886 
1.500000 3.600000 3.087620 
1.500000 3.700000 3.420505 
1.500000 3.800000 3.782334 
1.500000 3.900000 4.172780 
1.500000 4.000000 4.591362 
1.500000 4.100000 5.037392 
1.500000 4.200000 5.509924 
1.500000 4.300000 6.007689 
1.500000 4.400000 6.529030 
1.500000 4.500000 7.071847 
1.500000 4.600000 7.633545 
1.500000 4.700000 8.211017 
1.500000 4.800000 8.800661 
1.500000 4.900000 9.398440 
1.500000 5.000000 10.000000 

1.600000 0.000000 10.000000 
1.600000 0.100000 9.418269 
1.600000 0.200000 8.840831 
1.600000 0.300000 8.271150 
1.600000 0.400000 7.712488 
1.600000 0.500000 7.167828 
1.600000 0.600000 6.639838 
1.600000 0.700000 6.130849 
1.600000 0.800000 5.642856 
1.600000 0.900000 5.177542 
1.600000 1.000000 4.736302 
1.600000 1.100000 4.320277 
1.600000 1.200000 3.930395 
1.600000 1.300000 3.567398 
1.600000 1.400000 3.231874 
1.600000 1.500000 2.924291 
1.600000 1.600000 2.645009 
1.600000 1.700000 2.394312 
1.600000 1.800000 2.172415 
1.600000 1.900000 1.979482 
1.600000 2.000000 1.815638 
1.600000 2.100000 1.680978 
1.600000 2.200000 1.575573 
1.600000 2.300000 1.499476 
1.600000 2.400000 1.452729 
1.600000 2.500000 1.435366 
1.600000 2.600000 1.447413 
1.600000 2.700000 1.488890 
1.600000 2.800000 1.559813 
1.600000 2.900000 1.660192 
1.600000 3.000000 1.790028 
1.600000 3.100000 1.949308 
1.600000 3.200000 2.138003 
1.600000 3.300000 2.356059 
1.600000 3.400000 2.603386 
1.600000 3.500000 2.879849 
1.600000 3.600000 3.185251 
1.600000 3.700000 3.519310 
1.600000 3.800000 3.881644 
1.600000 3.900000 4.271735 
1.600000 4.000000 4.688895 
1.600000 4.100000 5.132235 
1.600000 4.200000 5.600612 
1.600000 4.300000 6.092591 
1.600000 4.400000 6.606398 
1.600000 4.500000 7.139884 
1.600000 4.600000 7.690503 
1.600000 4.700000 8.255303 
1.600000 4.800000 8.830958 
1.600000 4.900000 9.413817 
1.600000 5.000000 10.000000 

1.700000 0.000000 10.000000 
1.700000 0.100000 9.426808 
1.700000 0.200000 8.857585 
1.700000 0.300000 8.295547 
1.700000 0.400000 7.743754 
1.700000 0.500000 7.205048 
1.700000 0.600000 6.682015 
1.700000 0.700000 6.176966 
1.700000 0.800000 5.691930 
1.700000 0.900000 5.228659 
1.700000 1.000000 4.788651 
1.700000 1.100000 4.373165 
1.700000 1.200000 3.983253 
1.700000 1.300000 3.619785 
1.700000 1.400000 3.283470 
1.700000 1.500000 2.974887 
1.700000 1.600000 2.694497 
1.700000 1.700000 2.442671 
1.700000 1.800000 2.219701 
1.700000 1.900000 2.025815 
1.700000 2.000000 1.861192 
1.700000 2.100000 1.725967 
1.700000 2.200000 1.620245 
1.700000 2.300000 1.544103 
1.700000 2.400000 1.497599 
1.700000 2.500000 1.480774 
1.700000 2.600000 1.493655 
1.700000 2.700000 1.536256 
1.700000 2.800000 1.608577 
1.700000 2.900000 1.710603 
1.700000 3.000000 1.842303 
1.700000 3.100000 2.003620 
1.700000 3.200000 2.194471 
1.700000 3.300000 2.414733 
1.700000 3.400000 2.664236 
1.700000 3.500000 2.942747 
1.700000 3.600000 3.249957 
1.700000 3.700000 3.585461 
1.700000 3.800000 3.948735 
1.700000 3.900000 4.339111 
1.700000 4.000000 4.755749 
1.700000 4.100000 5.197603 
1.700000 4.200000 5.663392 
1.700000 4.300000 6.151565 
1.700000 4.400000 6.660271 
1.700000 4.500000 7.187339 
1.700000 4.600000 7.730270 
1.700000 4.700000 8.286239 
1.700000 4.800000 8.852126 
1.700000 4.900000 9.424560 
1.700000 5.000000 10.000000 

1.800000 0.000000 10.000000 
1.800000 0.100000 9.431746 
1.800000 0.200000 8.867233 
1.800000 0.300000 8.309515 
1.800000 0.400000 7.761512 
1.800000 0.500000 7.225970 
1.800000 0.600000 6.705419 
1.800000 0.700000 6.202157 
1.800000 0.800000 5.718234 
1.800000 0.900000 5.255457 
1.800000 1.000000 4.815395 
1.800000 1.100000 4.399397 
1.800000 1.200000 4.008610 
1.800000 1.300000 3.643997 
1.800000 1.400000 3.306361 
1.800000 1.500000 2.996364 
1.800000 1.600000 2.714548 
1.800000 1.700000 2.461349 
1.800000 1.800000 2.237118 
1.800000 1.900000 2.042133 
1.800000 2.000000 1.876613 
1.800000 2.100000 1.740725 
1.800000 2.200000 1.634598 
1.800000 2.300000 1.558329 
1.800000 2.400000 1.511985 
1.800000 2.500000 1.495613 
1.800000 2.600000 1.509240 
1.800000 2.700000 1.552873 
1.800000 2.800000 1.626499 
1.800000 2.900000 1.730085 
1.800000 3.000000 1.863571 
1.800000 3.100000 2.026867 
1.800000 3.200000 2.219844 
1.800000 3.300000 2.442326 
1.800000 3.400000 2.694079 
1.800000 3.500000 2.974793 
1.800000 3.600000 3.284072 
1.800000 3.700000 3.621412 
1.800000 3.800000 3.986183 
1.800000 3.900000 4.377600 
1.800000 4.000000 4.794708 
1.800000 4.100000 5.236348 
1.800000 4.200000 5.701135 
1.800000 4.300000 6.187436 
1.800000 4.400000 6.693350 
1.800000 4.500000 7.216695 
1.800000 4.600000 7.755009 
1.800000 4.700000 8.305562 
1.800000 4.800000 8.865380 
1.800000 4.900000 9.431296 
1.800000 5.000000 10.000000 

1.900000 0.000000 10.000000 
1.900000 0.100000 9.433460 
1.900000 0.200000 8.870513 
1.900000 0.300000 8.314108 
1.900000 0.400000 7.767083 
1.900000 0.500000 7.232124 
1.900000 0.600000 6.711731 
1.900000 0.700000 6.208198 
1.900000 0.800000 5.723597 
1.900000 0.900000 5.259776 
1.900000 1.000000 4.818361 
1.900000 1.100000 4.400765 
1.900000 1.200000 4.008207 
1.900000 1.300000 3.641720 
1.900000 1.400000 3.302174 
1.900000 1.500000 2.990296 
1.900000 1.600000 2.706681 
1.900000 1.700000 2.451818 
1.900000 1.800000 2.226098 
1.900000 1.900000 2.029834 
1.900000 2.000000 1.863271 
1.900000 2.100000 1.726602 
1.900000 2.200000 1.619970 
1.900000 2.300000 1.543482 
1.900000 2.400000 1.497216 
1.900000 2.500000 1.481218 
1.900000 2.600000 1.495515 
1.900000 2.700000 1.540108 
1.900000 2.800000 1.614974 
1.900000 2.900000 1.720065 
1.900000 3.000000 1.855301 
1.900000 3.100000 2.020567 
1.900000 3.200000 2.215700 
1.900000 3.300000 2.440484 
1.900000 3.400000 2.694635 
1.900000 3.500000 2.977789 
1.900000 3.600000 3.289482 
1.900000 3.700000 3.629139 
1.900000 3.800000 3.996047 
1.900000 3.900000 4.389338 
1.900000 4.000000 4.807968 
1.900000 4.100000 5.250697 
1.900000 4.200000 5.716064 
1.900000 4.300000 6.202376 
1.900000 4.400000 6.707694 
1.900000 4.500000 7.229827 
1.900000 4.600000 7.766339 
1.900000 4.700000 8.314562 
1.900000 4.800000 8.871623 
1.900000 4.900000 9.434486 
1.900000 5.000000 10.000000 

2.000000 0.000000 10.000000 
2.000000 0.100000 9.432225 
2.000000 0.200000 8.867958 
2.000000 0.300000 8.310095 
2.000000 0.400000 7.761434 
2.000000 0.500000 7.224637 
2.000000 0.600000 6.702198 
2.000000 0.700000 6.196419 
2.000000 0.800000 5.709397 
2.000000 0.900000 5.243015 
2.000000 1.000000 4.798944 
2.000000 1.100000 4.378648 
2.000000 1.200000 3.983396 
2.000000 1.300000 3.614272 
2.000000 1.400000 3.272194 
2.000000 1.500000 2.957929 
2.000000 1.600000 2.672113 
2.000000 1.700000 2.415263 
2.000000 1.800000 2.187799 
2.000000 1.900000 1.990054 
2.000000 2.000000 1.822289 
2.000000 2.100000 1.684707 
2.000000 2.200000 1.577461 
2.000000 2.300000 1.500664 
2.000000 2.400000 1.454392 
2.000000 2.500000 1.438696 
2.000000 2.600000 1.453598 
2.000000 2.700000 1.499094 
2.000000 2.800000 1.575156 
2.000000 2.900000 1.681724 
2.000000 3.000000 1.818706 
2.000000 3.100000 1.985969 
2.000000 3.200000 2.183329 
2.000000 3.300000 2.410544 
2.000000 3.400000 2.667297 
2.000000 3.500000 2.953184 
2.000000 3.600000 3.267698 
2.000000 3.700000 3.610210 
2.000000 3.800000 3.979952 
2.000000 3.900000 4.375995 
2.000000 4.000000 4.797235 
2.000000 4.100000 5.242367 
2.000000 4.200000 5.709879 
2.000000 4.300000 6.198030 
2.000000 4.400000 6.704850 
2.000000 4.500000 7.228137 
2.000000 4.600000 7.765462 
2.000000 4.700000 8.314193 
2.000000 4.800000 8.871515 
2.000000 4.900000 9.434470 
2.000000 5.000000 10.000000 

2.100000 0.000000 10.000000 
2.100000 0.100000 9.428235 
2.100000 0.200000 8.859944 
2.100000 0.300000 8.298017 
2.100000 0.400000 7.745251 
2.100000 0.500000 7.204314 
2.100000 0.600000 6.677715 
2.100000 0.700000 6.167780 
2.100000 0.800000 5.676635 
2.100000 0.900000 5.206198 
2.100000 1.000000 4.758178 
2.100000 1.100000 4.334076 
2.100000 1.200000 3.935197 
2.100000 1.300000 3.562657 
2.100000 1.400000 3.217405 
2.100000 1.500000 2.900233 
2.100000 1.600000 2.611794 
2.100000 1.700000 2.352623 
2.100000 1.800000 2.123149 
2.100000 1.900000 1.923711 
2.100000 2.000000 1.754576 
2.100000 2.100000 1.615948 
2.100000 2.200000 1.507979 
2.100000 2.300000 1.430780 
2.100000 2.400000 1.384427 
2.100000 2.500000 1.368966 
2.100000 2.600000 1.384416 
2.100000 2.700000 1.430771 
2.100000 2.800000 1.507997 
2.100000 2.900000 1.616032 
2.100000 3.000000 1.754776 
2.100000 3.100000 1.924088 
2.100000 3.200000 2.123775 
2.100000 3.300000 2.353581 
2.100000 3.400000 2.613172 
2.100000 3.500000 2.902122 
2.100000 3.600000 3.219899 
2.100000 3.700000 3.565842 
2.100000 3.800000 3.939147 
2.100000 3.900000 4.338848 
2.100000 4.000000 4.763796 
2.100000 4.100000 5.212647 
2.100000 4.200000 5.683845 
2.100000 4.300000 6.175614 
2.100000 4.400000 6.685954 
2.100000 4.500000 7.212644 
2.100000 4.600000 7.753250 
2.100000 4.700000 8.305145 
2.100000 4.800000 8.865534 
2.100000 4.900000 9.431491 
2.100000 5.000000 10.000000 

2.200000 0.000000 10.000000 
2.200000 0.100000 9.421616 
2.200000 0.200000 8.846719 
2.200000 0.300000 8.278233 
2.200000 0.400000 7.718988 
2.200000 0.500000 7.171688 
2.200000 0.600000 6.638881 
2.200000 0.700000 6.122929 
2.200000 0.800000 5.625995 
2.200000 0.900000 5.150033 
2.200000 1.000000 4.696783 
2.200000 1.100000 4.267776 
2.200000 1.200000 3.864338 
2.200000 1.300000 3.487605 
2.200000 1.400000 3.138537 
2.200000 1.500000 2.817933 
2.200000 1.600000 2.526451 
2.200000 1.700000 2.264623 
2.200000 1.800000 2.032873 
2.200000 1.900000 1.831534 
2.200000 2.000000 1.660865 
2.200000 2.100000 1.521060 
2.200000 2.200000 1.412263 
2.200000 2.300000 1.334577 
2.200000 2.400000 1.288071 
2.200000 2.500000 1.272785 
2.200000 2.600000 1.288735 
2.200000 2.700000 1.335911 
2.200000 2.800000 1.414281 
2.200000 2.900000 1.523781 
2.200000 3.000000 1.664314 
2.200000 3.100000 1.835740 
2.200000 3.200000 2.037867 
2.200000 3.300000 2.270439 
2.200000 3.400000 2.533120 
2.200000 3.500000 2.825481 
2.200000 3.600000 3.146980 
2.200000 3.700000 3.496946 
2.200000 3.800000 3.874558 
2.200000 3.900000 4.278828 
2.200000 4.000000 4.708586 
2.200000 4.100000 5.162458 
2.200000 4.200000 5.638859 
2.200000 4.300000 6.135982 
2.200000 4.400000 6.651798 
2.200000 4.500000 7.184057 
2.200000 4.600000 7.730303 
2.200000 4.700000 8.287888 
2.200000 4.800000 8.854004 
2.200000 4.900000 9.425715 
2.200000 5.000000 10.000000 

2.300000 0.000000 10.000000 
2.300000 0.100000 9.412438 
2.300000 0.200000 8.828421 
2.300000 0.300000 8.250941 
2.300000 0.400000 7.682899 
2.300000 0.500000 7.127063 
2.300000 0.600000 6.586038 
2.300000 0.700000 6.062240 
2.300000 0.800000 5.557878 
2.300000 0.900000 5.074942 
2.300000 1.000000 4.615201 
2.300000 1.100000 4.180204 
2.300000 1.200000 3.771290 
2.300000 1.300000 3.389599 
2.300000 1.400000 3.036086 
2.300000 1.500000 2.711541 
2.300000 1.600000 2.416607 
2.300000 1.700000 2.151799 
2.300000 1.800000 1.917522 
2.300000 1.900000 1.714087 
2.300000 2.000000 1.541732 
2.300000 2.100000 1.400632 
2.300000 2.200000 1.290915 
2.300000 2.300000 1.212666 
2.300000 2.400000 1.165943 
2.300000 2.500000 1.150780 
2.300000 2.600000 1.167185 
2.300000 2.700000 1.215151 
2.300000 2.800000 1.294645 
2.300000 2.900000 1.405611 
2.300000 3.000000 1.547961 
2.300000 3.100000 1.721565 
2.300000 3.200000 1.926246 
2.300000 3.300000 2.161759 
2.300000 3.400000 2.427784 
2.300000 3.500000 2.723902 
2.300000 3.600000 3.049582 
2.300000 3.700000 3.404160 
2.300000 3.800000 3.786818 
2.300000 3.900000 4.196566 
2.300000 4.000000 4.632223 
2.300000 4.100000 5.092403 
2.300000 4.200000 5.575499 
2.300000 4.300000 6.079679 
2.300000 4.400000 6.602881 
2.300000 4.500000 7.142819 
2.300000 4.600000 7.696993 
2.300000 4.700000 8.262714 
2.300000 4.800000 8.837125 
2.300000 4.900000 9.417244 
2.300000 5.000000 10.000000 

2.400000 0.000000 10.000000 
2.400000 0.100000 9.400722 
2.400000 0.200000 8.805089 
2.400000 0.300000 8.216202 
2.400000 0.400000 7.637063 
2.400000 0.500000 7.070533 
2.400000 0.600000 6.519299 
2.400000 0.700000 5.985845 
2.400000 0.800000 5.472433 
2.400000 0.900000 4.981094 
2.400000 1.000000 4.513620 
2.400000 1.100000 4.071574 
2.400000 1.200000 3.656292 
2.400000 1.300000 3.268903 
2.400000 1.400000 2.910343 
2.400000 1.500000 2.581374 
2.400000 1.600000 2.282608 
2.400000 1.700000 2.014526 
2.400000 1.800000 1.777494 
2.400000 1.900000 1.571792 
2.400000 2.000000 1.397623 
2.400000 2.100000 1.255130 
2.400000 2.200000 1.144414 
2.400000 2.300000 1.065541 
2.400000 2.400000 1.018550 
2.400000 2.500000 1.003463 
2.400000 2.600000 1.020285 
2.400000 2.700000 1.069007 
2.400000 2.800000 1.149604 
2.400000 2.900000 1.262031 
2.400000 3.000000 1.406217 
2.400000 3.100000 1.582054 
2.400000 3.200000 1.789388 
2.400000 3.300000 2.028004 
2.400000 3.400000 2.297609 
2.400000 3.500000 2.597814 
2.400000 3.600000 2.928117 
2.400000 3.700000 3.287879 
2.400000 3.800000 3.676304 
2.400000 3.900000 4.092416 
2.400000 4.000000 4.535043 
2.400000 4.100000 5.002797 
2.400000 4.200000 5.494059 
2.400000 4.300000 6.006974 
2.400000 4.400000 6.539444 
2.400000 4.500000 7.089137 
2.400000 4.600000 7.653493 
2.400000 4.700000 8.229755 
2.400000 4.800000 8.814988 
2.400000 4.900000 9.406124 
2.400000 5.000000 10.000000 

2.500000 0.000000 10.000000 
2.500000 0.100000 9.386442 
2.500000 0.200000 8.776673 
2.500000 0.300000 8.173943 
2.500000 0.400000 7.581391 
2.500000 0.500000 7.002000 
2.500000 0.600000 6.438562 
2.500000 0.700000 5.893645 
2.500000 0.800000 5.369574 
2.500000 0.900000 4.868420 
2.500000 1.000000 4.391998 
2.500000 1.100000 3.941872 
2.500000 1.200000 3.519364 
2.500000 1.300000 3.125577 
2.500000 1.400000 2.761409 
2.500000 1.500000 2.427576 
2.500000 1.600000 2.124640 
2.500000 1.700000 1.853028 
2.500000 1.800000 1.613056 
2.500000 1.900000 1.404951 
2.500000 2.000000 1.228869 
2.500000 2.100000 1.084913 
2.500000 2.200000 0.973145 
2.500000 2.300000 0.893603 
2.500000 2.400000 0.846304 
2.500000 2.500000 0.831255 
2.500000 2.600000 0.848456 
2.500000 2.700000 0.897899 
2.500000 2.800000 0.979569 
2.500000 2.900000 1.093440 
2.500000 3.000000 1.239464 
2.500000 3.100000 1.417566 
2.500000 3.200000 1.627628 
2.500000 3.300000 1.869478 
2.500000 3.400000 2.142867 
2.500000 3.500000 2.447457 
2.500000 3.600000 2.782791 
2.500000 3.700000 3.148274 
2.500000 3.800000 3.543153 
2.500000 3.900000 3.966486 
2.500000 4.000000 4.417125 
2.500000 4.100000 4.893693 
2.500000 4.200000 5.394570 
2.500000 4.300000 5.917879 
2.500000 4.400000 6.461487 
2.500000 4.500000 7.023003 
2.500000 4.600000 7.599792 
2.500000 4.700000 8.189000 
2.500000 4.800000 8.787583 
2.500000 4.900000 9.392349 
2.500000 5.000000 10.000000 

2.600000 0.000000 10.000000 
2.600000 0.100000 9.369526 
2.600000 0.200000 8.743034 
2.600000 0.300000 8.123965 
2.600000 0.400000 7.515632 
2.600000 0.500000 6.921175 
2.600000 0.600000 6.343514 
2.600000 0.700000 5.785317 
2.600000 0.800000 5.248981 
2.600000 0.900000 4.736620 
2.600000 1.000000 4.250063 
2.600000 1.100000 3.790867 
2.600000 1.200000 3.360325 
2.600000 1.300000 2.959493 
2.600000 1.400000 2.589211 
2.600000 1.500000 2.250131 
2.600000 1.600000 1.942743 
2.600000 1.700000 1.667403 
2.600000 1.800000 1.424355 
2.600000 1.900000 1.213758 
2.600000 2.000000 1.035709 
2.600000 2.100000 0.890253 
2.600000 2.200000 0.777409 
2.600000 2.300000 0.697176 
2.600000 2.400000 0.649544 
2.600000 2.500000 0.634503 
2.600000 2.600000 0.652045 
2.600000 2.700000 0.702167 
2.600000 2.800000 0.784868 
2.600000 2.900000 0.900143 
2.600000 3.000000 1.047980 
2.600000 3.100000 1.228344 
2.600000 3.200000 1.441171 
2.600000 3.300000 1.686342 
2.600000 3.400000 1.963675 
2.600000 3.500000 2.272896 
2.600000 3.600000 2.613616 
2.600000 3.700000 2.985308 
2.600000 3.800000 3.387281 
2.600000 3.900000 3.818646 
2.600000 4.000000 4.278299 
2.600000 4.100000 4.764891 
2.600000 4.200000 5.276810 
2.600000 4.300000 5.812165 
2.600000 4.400000 6.368781 
2.600000 4.500000 6.944202 
2.600000 4.600000 7.535699 
2.600000 4.700000 8.140296 
2.600000 4.800000 8.754803 
2.600000 4.900000 9.375863 
2.600000 5.000000 10.000000 

2.700000 0.000000 10.000000 
2.700000 0.100000 9.349856 
2.700000 0.200000 8.703941 
2.700000 0.300000 8.065934 
2.700000 0.400000 7.439369 
2.700000 0.500000 6.827575 
2.700000 0.600000 6.233627 
2.700000 0.700000 5.660312 
2.700000 0.800000 5.110107 
2.700000 0.900000 4.585165 
2.700000 1.000000 4.087325 
2.700000 1.100000 3.618119 
2.700000 1.200000 3.178794 
2.700000 1.300000 2.770339 
2.700000 1.400000 2.393512 
2.700000 1.500000 2.048878 
2.700000 1.600000 1.736830 
2.700000 1.700000 1.457632 
2.700000 1.800000 1.211437 
2.700000 1.900000 0.998321 
2.700000 2.000000 0.818299 
2.700000 2.100000 0.671354 
2.700000 2.200000 0.557444 
2.700000 2.300000 0.476524 
2.700000 2.400000 0.428552 
2.700000 2.500000 0.413497 
2.700000 2.600000 0.431344 
2.700000 2.700000 0.482092 
2.700000 2.800000 0.565760 
2.700000 2.900000 0.682372 
2.700000 3.000000 0.831959 
2.700000 3.100000 1.014540 
2.700000 3.200000 1.230114 
2.700000 3.300000 1.478636 
2.700000 3.400000 1.760006 
2.700000 3.500000 2.074036 
2.700000 3.600000 2.420429 
2.700000 3.700000 2.798748 
2.700000 3.800000 3.208387 
2.700000 3.900000 3.648537 
2.700000 4.000000 4.118158 
2.700000 4.100000 4.615945 
2.700000 4.200000 5.140311 
2.700000 4.300000 5.689357 
2.700000 4.400000 6.260869 
2.700000 4.500000 6.852313 
2.700000 4.600000 7.460849 
2.700000 4.700000 8.083349 
2.700000 4.800000 8.716443 
2.700000 4.900000 9.356561 
2.700000 5.000000 10.000000 

2.800000 0.000000 10.000000 
2.800000 0.100000 9.327262 
2.800000 0.200000 8.659062 
2.800000 0.300000 7.999376 
2.800000 0.400000 7.352005 
2.800000 0.500000 6.720509 
2.800000 0.600000 6.108149 
2.800000 0.700000 5.517847 
2.800000 0.800000 4.952163 
2.800000 0.900000 4.413293 
2.800000 1.000000 3.903067 
2.800000 1.100000 3.422977 
2.800000 1.200000 2.974200 
2.800000 1.300000 2.557631 
2.800000 1.400000 2.173921 
2.800000 1.500000 1.823517 
2.800000 1.600000 1.506695 
2.800000 1.700000 1.223597 
2.800000 1.800000 0.974266 
2.800000 1.900000 0.758672 
2.800000 2.000000 0.576738 
2.800000 2.100000 0.428364 
2.800000 2.200000 0.313442 
2.800000 2.300000 0.231872 
2.800000 2.400000 0.183573 
2.800000 2.500000 0.168490 
2.800000 2.600000 0.186600 
2.800000 2.700000 0.237909 
2.800000 2.800000 0.322455 
2.800000 2.900000 0.440302 
2.800000 3.000000 0.591530 
2.800000 3.100000 0.776224 
2.800000 3.200000 0.994460 
2.800000 3.300000 1.246288 
2.800000 3.400000 1.531706 
2.800000 3.500000 1.850637 
2.800000 3.600000 2.202900 
2.800000 3.700000 2.588174 
2.800000 3.800000 3.005967 
2.800000 3.900000 3.455576 
2.800000 4.000000 3.936051 
2.800000 4.100000 4.446159 
2.800000 4.200000 4.984349 
2.800000 4.300000 5.548731 
2.800000 4.400000 6.137051 
2.800000 4.500000 6.746693 
2.800000 4.600000 7.374683 
2.800000 4.700000 8.017715 
2.800000 4.800000 8.672193 
2.800000 4.900000 9.334285 
2.800000 5.000000 10.000000 

2.900000 0.000000 10.000000 
2.900000 0.100000 9.301515 
2.900000 0.200000 8.607953 
2.900000 0.300000 7.923653 
2.900000 0.400000 7.252742 
2.900000 0.500000 6.599058 
2.900000 0.600000 5.966077 
2.900000 0.700000 5.356877 
2.900000 0.800000 4.774106 
2.900000 0.900000 4.219990 
2.900000 1.000000 3.696338 
2.900000 1.100000 3.204575 
2.900000 1.200000 2.745777 
2.900000 1.300000 2.320714 
2.900000 1.400000 1.929899 
2.900000 1.500000 1.573626 
2.900000 1.600000 1.252025 
2.900000 1.700000 0.965091 
2.900000 1.800000 0.712731 
2.900000 1.900000 0.494788 
2.900000 2.000000 0.311076 
2.900000 2.100000 0.161398 
2.900000 2.200000 0.045565 
2.900000 2.300000 -0.036583 
2.900000 2.400000 -0.085173 
2.900000 2.500000 -0.100287 
2.900000 2.600000 -0.081959 
2.900000 2.700000 -0.030174 
2.900000 2.800000 0.055132 
2.900000 2.900000 0.174066 
2.900000 3.000000 0.326768 
2.900000 3.100000 0.513401 
2.900000 3.200000 0.734136 
2.900000 3.300000 0.989131 
2.900000 3.400000 1.278507 
2.900000 3.500000 1.602323 
2.900000 3.600000 1.960539 
2.900000 3.700000 2.352983 
2.900000 3.800000 2.779309 
2.900000 3.900000 3.238952 
2.900000 4.000000 3.731086 
2.900000 4.100000 4.254575 
2.900000 4.200000 4.807934 
2.900000 4.300000 5.389293 
2.900000 4.400000 5.996371 
2.900000 4.500000 6.626461 
2.900000 4.600000 7.276439 
2.900000 4.700000 7.942784 
2.900000 4.800000 8.621626 
2.900000 4.900000 9.308815 
2.900000 5.000000 10.000000 

3.000000 0.000000 10.000000 
3.000000 0.100000 9.272321 
3.000000 0.200000 8.550040 
3.000000 0.300000 7.837942 
3.000000 0.400000 7.140552 
3.000000 0.500000 6.462038 
3.000000 0.600000 5.806130 
3.000000 0.700000 5.176074 
3.000000 0.800000 4.574610 
3.000000 0.900000 4.003979 
3.000000 1.000000 3.465942 
3.000000 1.100000 2.961825 
3.000000 1.200000 2.492564 
3.000000 1.300000 2.058767 
3.000000 1.400000 1.660764 
3.000000 1.500000 1.298667 
3.000000 1.600000 0.972417 
3.000000 1.700000 0.681837 
3.000000 1.800000 0.426669 
3.000000 1.900000 0.206609 
3.000000 2.000000 0.021339 
3.000000 2.100000 -0.129449 
3.000000 2.200000 -0.246033 
3.000000 2.300000 -0.328646 
3.000000 2.400000 -0.377466 
3.000000 2.500000 -0.392606 
3.000000 2.600000 -0.374110 
3.000000 2.700000 -0.321953 
3.000000 2.800000 -0.236043 
3.000000 2.900000 -0.116221 
3.000000 3.000000 0.037721 
3.000000 3.100000 0.226037 
3.000000 3.200000 0.449008 
3.000000 3.300000 0.706920 
3.000000 3.400000 1.000041 
3.000000 3.500000 1.328592 
3.000000 3.600000 1.692707 
3.000000 3.700000 2.092396 
3.000000 3.800000 2.527496 
3.000000 3.900000 2.997622 
3.000000 4.000000 3.502108 
3.000000 4.100000 4.039957 
3.000000 4.200000 4.609780 
3.000000 4.300000 5.209755 
3.000000 4.400000 5.837583 
3.000000 4.500000 6.490467 
3.000000 4.600000 7.165114 
3.000000 4.700000 7.857751 
3.000000 4.800000 8.564182 
3.000000 4.900000 9.279861 
3.000000 5.000000 10.000000 

3.100000 0.000000 10.000000 
3.100000 0.100000 9.239300 
3.100000 0.200000 8.484588 
3.100000 0.300000 7.741195 
3.100000 0.400000 7.014132 
3.100000 0.500000 6.307958 
3.100000 0.600000 5.626698 
3.100000 0.700000 4.973782 
3.100000 0.800000 4.352034 
3.100000 0.900000 3.763687 
3.100000 1.000000 3.210417 
3.100000 1.100000 2.693405 
3.100000 1.200000 2.213403 
3.100000 1.300000 1.770802 
3.100000 1.400000 1.365705 
3.100000 1.500000 0.997995 
3.100000 1.600000 0.667390 
3.100000 1.700000 0.373502 
3.100000 1.800000 0.115880 
3.100000 1.900000 -0.105951 
3.100000 2.000000 -0.292459 
3.100000 2.100000 -0.444078 
3.100000 2.200000 -0.561191 
3.100000 2.300000 -0.644111 
3.100000 2.400000 -0.693072 
3.100000 2.500000 -0.708221 
3.100000 2.600000 -0.689614 
3.100000 2.700000 -0.637216 
3.100000 2.800000 -0.550898 
3.100000 2.900000 -0.430449 
3.100000 3.000000 -0.275579 
3.100000 3.100000 -0.085932 
3.100000 3.200000 0.138898 
3.100000 3.300000 0.399348 
3.100000 3.400000 0.695855 
3.100000 3.500000 1.028832 
3.100000 3.600000 1.398623 
3.100000 3.700000 1.805458 
3.100000 3.800000 2.249404 
3.100000 3.900000 2.730299 
3.100000 4.000000 3.247691 
3.100000 4.100000 3.800766 
3.100000 4.200000 4.388280 
3.100000 4.300000 5.008490 
3.100000 4.400000 5.659105 
3.100000 4.500000 6.337244 
3.100000 4.600000 7.039425 
3.100000 4.700000 7.761586 
3.100000 4.800000 8.499137 
3.100000 4.900000 9.247053 
3.100000 5.000000 10.000000 

3.200000 0.000000 10.000000 
3.200000 0.100000 9.201973 
3.200000 0.200000 8.410667 
3.200000 0.300000 7.632091 
3.200000 0.400000 6.871845 
3.200000 0.500000 6.134958 
3.200000 0.600000 5.425789 
3.200000 0.700000 4.747965 
3.200000 0.800000 4.104377 
3.200000 0.900000 3.497212 
3.200000 1.000000 2.928010 
3.200000 1.100000 2.397749 
3.200000 1.200000 1.906930 
3.200000 1.300000 1.455669 
3.200000 1.400000 1.043785 
3.200000 1.500000 0.670878 
3.200000 1.600000 0.336400 
3.200000 1.700000 0.039715 
3.200000 1.800000 -0.219852 
3.200000 1.900000 -0.442974 
3.200000 2.000000 -0.630288 
3.200000 2.100000 -0.782372 
3.200000 2.200000 -0.899721 
3.200000 2.300000 -0.982738 
3.200000 2.400000 -1.031720 
3.200000 2.500000 -1.046850 
3.200000 2.600000 -1.028198 
3.200000 2.700000 -0.975714 
3.200000 2.800000 -0.889236 
3.200000 2.900000 -0.768487 
3.200000 3.000000 -0.613090 
3.200000 3.100000 -0.422574 
3.200000 3.200000 -0.196390 
3.200000 3.300000 0.066065 
3.200000 3.400000 0.365429 
3.200000 3.500000 0.702335 
3.200000 3.600000 1.077375 
3.200000 3.700000 1.491046 
3.200000 3.800000 1.943695 
3.200000 3.900000 2.435442 
3.200000 4.000000 2.966108 
3.200000 4.100000 3.535128 
3.200000 4.200000 4.141456 
3.200000 4.300000 4.783486 
3.200000 4.400000 5.458968 
3.200000 4.500000 6.164950 
3.200000 4.600000 6.897754 
3.200000 4.700000 7.652981 
3.200000 4.800000 8.425572 
3.200000 4.900000 9.209914 
3.200000 5.000000 10.000000 

3.300000 0.000000 10.000000 
3.300000 0.100000 9.159729 
3.300000 0.200000 8.327099 
3.300000 0.300000 7.508964 
3.300000 0.400000 6.711643 
3.300000 0.500000 5.940726 
3.300000 0.600000 5.200949 
3.300000 0.700000 4.496140 
3.300000 0.800000 3.829224 
3.300000 0.900000 3.202286 
3.300000 1.000000 2.616656 
3.300000 1.100000 2.073030 
3.300000 1.200000 1.571576 
3.300000 1.300000 1.112062 
3.300000 1.400000 0.693952 
3.300000 1.500000 0.316508 
3.300000 1.600000 -0.021138 
3.300000 1.700000 -0.319910 
3.300000 1.800000 -0.580740 
3.300000 1.900000 -0.804523 
3.300000 2.000000 -0.992087 
3.300000 2.100000 -1.144166 
3.300000 2.200000 -1.261381 
3.300000 2.300000 -1.344232 
3.300000 2.400000 -1.393081 
3.300000 2.500000 -1.408153 
3.300000 2.600000 -1.389530 
3.300000 2.700000 -1.337149 
3.300000 2.800000 -1.250807 
3.300000 2.900000 -1.130161 
3.300000 3.000000 -0.974736 
3.300000 3.100000 -0.783936 
3.300000 3.200000 -0.557055 
3.300000 3.300000 -0.293298 
3.300000 3.400000 0.008193 
3.300000 3.500000 0.348309 
3.300000 3.600000 0.727931 
3.300000 3.700000 1.147873 
3.300000 3.800000 1.608819 
3.300000 3.900000 2.111242 
3.300000 4.000000 2.655312 
3.300000 4.100000 3.240790 
3.300000 4.200000 3.866912 
3.300000 4.300000 4.532277 
3.300000 4.400000 5.234732 
3.300000 4.500000 5.971288 
3.300000 4.600000 6.738064 
3.300000 4.700000 7.530280 
3.300000 4.800000 8.342315 
3.300000 4.900000 9.167838 
3.300000 5.000000 10.000000 

3.400000 0.000000 10.000000 
3.400000 0.100000 9.111791 
3.400000 0.200000 8.232389 
3.400000 0.300000 7.369709 
3.400000 0.400000 6.530957 
3.400000 0.500000 5.722389 
3.400000 0.600000 4.949162 
3.400000 0.700000 4.215291 
3.400000 0.800000 3.523680 
3.400000 0.900000 2.876224 
3.400000 1.000000 2.273946 
3.400000 1.100000 1.717147 
3.400000 1.200000 1.205568 
3.400000 1.300000 0.738529 
3.400000 1.400000 0.315064 
3.400000 1.500000 -0.065975 
3.400000 1.600000 -0.405827 
3.400000 1.700000 -0.705749 
3.400000 1.800000 -0.966963 
3.400000 1.900000 -1.190612 
3.400000 2.000000 -1.377733 
3.400000 2.100000 -1.529229 
3.400000 2.200000 -1.645858 
3.400000 2.300000 -1.728218 
3.400000 2.400000 -1.776747 
3.400000 2.500000 -1.791709 
3.400000 2.600000 -1.773200 
3.400000 2.700000 -1.721144 
3.400000 2.800000 -1.635293 
3.400000 2.900000 -1.515234 
3.400000 3.000000 -1.360388 
3.400000 3.100000 -1.170023 
3.400000 3.200000 -0.943264 
3.400000 3.300000 -0.679106 
3.400000 3.400000 -0.376442 
3.400000 3.500000 -0.034090 
3.400000 3.600000 0.349161 
3.400000 3.700000 0.774499 
3.400000 3.800000 1.243014 
3.400000 3.900000 1.755612 
3.400000 4.000000 2.312905 
3.400000 4.100000 2.915080 
3.400000 4.200000 3.561762 
3.400000 4.300000 4.251855 
3.400000 4.400000 4.983390 
3.400000 4.500000 5.753393 
3.400000 4.600000 6.557793 
3.400000 4.700000 7.391383 
3.400000 4.800000 8.247876 
3.400000 4.900000 9.120050 
3.400000 5.000000 10.000000 

3.500000 0.000000 10.000000 
3.500000 0.100000 9.057157 
3.500000 0.200000 8.124621 
3.500000 0.300000 7.211649 
3.500000 0.400000 6.326550 
3.500000 0.500000 5.476369 
3.500000 0.600000 4.666720 
3.500000 0.700000 3.901763 
3.500000 0.800000 3.184288 
3.500000 0.900000 2.515875 
3.500000 1.000000 1.897095 
3.500000 1.100000 1.327719 
3.500000 1.200000 0.806929 
3.500000 1.300000 0.333490 
3.500000 1.400000 -0.094094 
3.500000 1.500000 -0.477452 
3.500000 1.600000 -0.818254 
3.500000 1.700000 -1.118135 
3.500000 1.800000 -1.378638 
3.500000 1.900000 -1.601179 
3.500000 2.000000 -1.787017 
3.500000 2.100000 -1.937237 
3.500000 2.200000 -2.052738 
3.500000 2.300000 -2.134225 
3.500000 2.400000 -2.182208 
3.500000 2.500000 -2.196996 
3.500000 2.600000 -2.178697 
3.500000 2.700000 -2.127221 
3.500000 2.800000 -2.042276 
3.500000 2.900000 -1.923374 
3.500000 3.000000 -1.769828 
3.500000 3.100000 -1.580765 
3.500000 3.200000 -1.355127 
3.500000 3.300000 -1.091683 
3.500000 3.400000 -0.789055 
3.500000 3.500000 -0.445738 
3.500000 3.600000 -0.060143 
3.500000 3.700000 0.369349 
3.500000 3.800000 0.844312 
3.500000 3.900000 1.366176 
3.500000 4.000000 1.936106 
3.500000 4.100000 2.554850 
3.500000 4.200000 3.222555 
3.500000 4.300000 3.938570 
3.500000 4.400000 4.701238 
3.500000 4.500000 5.507694 
3.500000 4.600000 6.353711 
3.500000 4.700000 7.233621 
3.500000 4.800000 8.140342 
3.500000 4.900000 9.065553 
3.500000 5.000000 10.000000 

3.600000 0.000000 10.000000 
3.600000 0.100000 8.994529 
3.600000 0.200000 8.001316 
3.600000 0.300000 7.031354 
3.600000 0.400000 6.094322 
3.600000 0.500000 5.198194 
3.600000 0.600000 4.349057 
3.600000 0.700000 3.551132 
3.600000 0.800000 2.806941 
3.600000 0.900000 2.117563 
3.600000 1.000000 1.482923 
3.600000 1.100000 0.902084 
3.600000 1.200000 0.373505 
3.600000 1.300000 -0.104738 
3.600000 1.400000 -0.534771 
3.600000 1.500000 -0.918791 
3.600000 1.600000 -1.258957 
3.600000 1.700000 -1.557324 
3.600000 1.800000 -1.815788 
3.600000 1.900000 -2.036052 
3.600000 2.000000 -2.219613 
3.600000 2.100000 -2.367743 
3.600000 2.200000 -2.481485 
3.600000 2.300000 -2.561653 
3.600000 2.400000 -2.608829 
3.600000 2.500000 -2.623365 
3.600000 2.600000 -2.605384 
3.600000 2.700000 -2.554780 
3.600000 2.800000 -2.471217 
3.600000 2.900000 -2.354130 
3.600000 3.000000 -2.202727 
3.600000 3.100000 -2.015985 
3.600000 3.200000 -1.792658 
3.600000 3.300000 -1.531280 
3.600000 3.400000 -1.230179 
3.600000 3.500000 -0.887497 
3.600000 3.600000 -0.501225 
3.600000 3.700000 -0.069254 
3.600000 3.800000 0.410557 
3.600000 3.900000 0.940269 
3.600000 4.000000 1.521736 
3.600000 4.100000 2.156420 
3.600000 4.200000 2.845178 
3.600000 4.300000 3.587997 
3.600000 4.400000 4.383712 
3.600000 4.500000 5.229718 
3.600000 4.600000 6.121719 
3.600000 4.700000 7.053565 
3.600000 4.800000 8.017241 
3.600000 4.900000 9.003047 
3.600000 5.000000 10.000000 

3.700000 0.000000 10.000000 
3.700000 0.100000 8.922191 
3.700000 0.200000 7.859232 
3.700000 0.300000 6.824378 
3.700000 0.400000 5.829031 
3.700000 0.500000 4.882243 
3.700000 0.600000 3.990543 
3.700000 0.700000 3.158049 
3.700000 0.800000 2.386776 
3.700000 0.900000 1.677033 
3.700000 1.000000 1.027837 
3.700000 1.100000 0.437307 
3.700000 1.200000 -0.097013 
3.700000 1.300000 -0.577891 
3.700000 1.400000 -1.008203 
3.700000 1.500000 -1.390794 
3.700000 1.600000 -1.728372 
3.700000 1.700000 -2.023449 
3.700000 1.800000 -2.278294 
3.700000 1.900000 -2.494914 
3.700000 2.000000 -2.675047 
3.700000 2.100000 -2.820151 
3.700000 2.200000 -2.931414 
3.700000 2.300000 -3.009754 
3.700000 2.400000 -3.055825 
3.700000 2.500000 -3.070021 
3.700000 2.600000 -3.052476 
3.700000 2.700000 -3.003070 
3.700000 2.800000 -2.921425 
3.700000 2.900000 -2.806903 
3.700000 3.000000 -2.658604 
3.700000 3.100000 -2.475361 
3.700000 3.200000 -2.255738 
3.700000 3.300000 -1.998025 
3.700000 3.400000 -1.700246 
3.700000 3.500000 -1.360168 
3.700000 3.600000 -0.975323 
3.700000 3.700000 -0.543050 
3.700000 3.800000 -0.060562 
3.700000 3.900000 0.474954 
3.700000 4.000000 1.066193 
3.700000 4.100000 1.715530 
3.700000 4.200000 2.424763 
3.700000 4.300000 3.194778 
3.700000 4.400000 4.025172 
3.700000 4.500000 4.913838 
3.700000 4.600000 5.856570 
3.700000 4.700000 6.846767 
3.700000 4.800000 7.875327 
3.700000 4.900000 8.930820 
3.700000 5.000000 10.000000 

3.800000 0.000000 10.000000 
3.800000 0.100000 8.837843 
3.800000 0.200000 7.694053 
3.800000 0.300000 6.584882 
3.800000 0.400000 5.523910 
3.800000 0.500000 4.521402 
3.800000 0.600000 3.584209 
3.800000 0.700000 2.716054 
3.800000 0.800000 1.918071 
3.800000 0.900000 1.189413 
3.800000 1.000000 0.527840 
3.800000 1.100000 -0.069771 
3.800000 1.200000 -0.607023 
3.800000 1.300000 -1.087698 
3.800000 1.400000 -1.515545 
3.800000 1.500000 -1.894135 
3.800000 1.600000 -2.226777 
3.800000 1.700000 -2.516466 
3.800000 1.800000 -2.765857 
3.800000 1.900000 -2.977264 
3.800000 2.000000 -3.152659 
3.800000 2.100000 -3.293683 
3.800000 2.200000 -3.401661 
3.800000 2.300000 -3.477608 
3.800000 2.400000 -3.522243 
3.800000 2.500000 -3.535997 
3.800000 2.600000 -3.519017 
3.800000 2.700000 -3.471170 
3.800000 2.800000 -3.392037 
3.800000 2.900000 -3.280913 
3.800000 3.000000 -3.136799 
3.800000 3.100000 -2.958389 
3.800000 3.200000 -2.744063 
3.800000 3.300000 -2.491873 
3.800000 3.400000 -2.199535 
3.800000 3.500000 -1.864426 
3.800000 3.600000 -1.483593 
3.800000 3.700000 -1.053774 
3.800000 3.800000 -0.571452 
3.800000 3.900000 -0.032942 
3.800000 4.000000 0.565466 
3.800000 4.100000 1.227293 
3.800000 4.200000 1.955570 
3.800000 4.300000 2.752437 
3.800000 4.400000 3.618637 
3.800000 4.500000 4.552931 
3.800000 4.600000 5.551493 
3.800000 4.700000 6.607389 
3.800000 4.800000 7.710285 
3.800000 4.900000 8.846571 
3.800000 5.000000 10.000000 

3.900000 0.000000 10.000000 
3.900000 0.100000 8.738335 
3.900000 0.200000 7.499928 
3.900000 0.300000 6.305087 
3.900000 0.400000 5.170131 
3.900000 0.500000 4.106618 
3.900000 0.600000 3.121423 
3.900000 0.700000 2.217373 
3.900000 0.800000 1.394147 
3.900000 0.900000 0.649198 
3.900000 1.000000 -0.021433 
3.900000 1.100000 -0.622471 
3.900000 1.200000 -1.158929 
3.900000 1.300000 -1.635788 
3.900000 1.400000 -2.057781 
3.900000 1.500000 -2.429279 
3.900000 1.600000 -2.754221 
3.900000 1.700000 -3.036097 
3.900000 1.800000 -3.277945 
3.900000 1.900000 -3.482373 
3.900000 2.000000 -3.651574 
3.900000 2.100000 -3.787356 
3.900000 2.200000 -3.891163 
3.900000 2.300000 -3.964098 
3.900000 2.400000 -4.006935 
3.900000 2.500000 -4.020137 
3.900000 2.600000 -4.003861 
3.900000 2.700000 -3.957961 
3.900000 2.800000 -3.881986 
3.900000 2.900000 -3.775172 
3.900000 3.000000 -3.636432 
3.900000 3.100000 -3.464337 
3.900000 3.200000 -3.257099 
3.900000 3.300000 -3.012544 
3.900000 3.400000 -2.728094 
3.900000 3.500000 -2.400738 
3.900000 3.600000 -2.027027 
3.900000 3.700000 -1.603062 
3.900000 3.800000 -1.124528 
3.900000 3.900000 -0.586752 
3.900000 4.000000 0.015174 
3.900000 4.100000 0.686182 
3.900000 4.200000 1.430899 
3.900000 4.300000 2.253179 
3.900000 4.400000 3.155454 
3.900000 4.500000 4.137925 
3.900000 4.600000 5.197647 
3.900000 4.700000 6.327640 
3.900000 4.800000 7.516263 
3.900000 4.900000 8.747152 
3.900000 5.000000 10.000000 

4.000000 0.000000 10.000000 
4.000000 0.100000 8.619243 
4.000000 0.200000 7.268758 
4.000000 0.300000 5.974444 
4.000000 0.400000 4.756038 
4.000000 0.500000 3.626294 
4.000000 0.600000 2.591492 
4.000000 0.700000 1.652709 
4.000000 0.800000 0.807306 
4.000000 0.900000 0.050288 
4.000000 1.000000 -0.624610 
4.000000 1.100000 -1.224138 
4.000000 1.200000 -1.755004 
4.000000 1.300000 -2.223558 
4.000000 1.400000 -2.635616 
4.000000 1.500000 -2.996385 
4.000000 1.600000 -3.310443 
4.000000 1.700000 -3.581761 
4.000000 1.800000 -3.813737 
4.000000 1.900000 -4.009242 
4.000000 2.000000 -4.170663 
4.000000 2.100000 -4.299946 
4.000000 2.200000 -4.398633 
4.000000 2.300000 -4.467894 
4.000000 2.400000 -4.508547 
4.000000 2.500000 -4.521078 
4.000000 2.600000 -4.505651 
4.000000 2.700000 -4.462111 
4.000000 2.800000 -4.389982 
4.000000 2.900000 -4.288454 
4.000000 3.000000 -4.156371 
4.000000 3.100000 -3.992204 
4.000000 3.200000 -3.794023 
4.000000 3.300000 -3.559458 
4.000000 3.400000 -3.285663 
4.000000 3.500000 -2.969266 
4.000000 3.600000 -2.606332 
4.000000 3.700000 -2.192322 
4.000000 3.800000 -1.722078 
4.000000 3.900000 -1.189842 
4.000000 4.000000 -0.589334 
4.000000 4.100000 0.086070 
4.000000 4.200000 0.843023 
4.000000 4.300000 1.687677 
4.000000 4.400000 2.624901 
4.000000 4.500000 3.657201 
4.000000 4.600000 4.783358 
4.000000 4.700000 5.996962 
4.000000 4.800000 7.285157 
4.000000 4.900000 8.628138 
4.000000 5.000000 10.000000 

4.100000 0.000000 10.000000 
4.100000 0.100000 8.474167 
4.100000 0.200000 6.989038 
4.100000 0.300000 5.578374 
4.100000 0.400000 4.266063 
4.100000 0.500000 3.065520 
4.100000 0.600000 1.981212 
4.100000 0.700000 1.011064 
4.100000 0.800000 0.148848 
4.100000 0.900000 -0.613880 
4.100000 1.000000 -1.286402 
4.100000 1.100000 -1.877952 
4.100000 1.200000 -2.397202 
4.100000 1.300000 -2.852011 
4.100000 1.400000 -3.249326 
4.100000 1.500000 -3.595187 
4.100000 1.600000 -3.894778 
4.100000 1.700000 -4.152504 
4.100000 1.800000 -4.372070 
4.100000 1.900000 -4.556560 
4.100000 2.000000 -4.708511 
4.100000 2.100000 -4.829967 
4.100000 2.200000 -4.922538 
4.100000 2.300000 -4.987434 
4.100000 2.400000 -5.025501 
4.100000 2.500000 -5.037236 
4.100000 2.600000 -5.022809 
4.100000 2.700000 -4.982057 
4.100000 2.800000 -4.914490 
4.100000 2.900000 -4.819271 
4.100000 3.000000 -4.695199 
4.100000 3.100000 -4.540675 
4.100000 3.200000 -4.353667 
4.100000 3.300000 -4.131657 
4.100000 3.400000 -3.871577 
4.100000 3.500000 -3.569748 
4.100000 3.600000 -3.221794 
4.100000 3.700000 -2.822567 
4.100000 3.800000 -2.366070 
4.100000 3.900000 -1.845410 
4.100000 4.000000 -1.252797 
4.100000 4.100000 -0.579638 
4.100000 4.200000 0.183203 
4.100000 4.300000 1.044891 
4.100000 4.400000 2.013735 
4.100000 4.500000 3.095810 
4.100000 4.600000 4.293028 
4.100000 4.700000 5.600759 
4.100000 4.800000 7.005452 
4.100000 4.900000 8.483126 
4.100000 5.000000 10.000000 

4.200000 0.000000 10.000000 
4.200000 0.100000 8.293502 
4.200000 0.200000 6.643936 
4.200000 0.300000 5.096318 
4.200000 0.400000 3.679180 
4.200000 0.500000 2.405098 
4.200000 0.600000 1.274424 
4.200000 0.700000 0.279676 
4.200000 0.800000 -0.590765 
4.200000 0.900000 -1.350055 
4.200000 1.000000 -2.011288 
4.200000 1.100000 -2.586623 
4.200000 1.200000 -3.086900 
4.200000 1.300000 -3.521541 
4.200000 1.400000 -3.898595 
4.200000 1.500000 -4.224867 
4.200000 1.600000 -4.506060 
4.200000 1.700000 -4.746921 
4.200000 1.800000 -4.951381 
4.200000 1.900000 -5.122664 
4.200000 2.000000 -5.263390 
4.200000 2.100000 -5.375653 
4.200000 2.200000 -5.461088 
4.200000 2.300000 -5.520917 
4.200000 2.400000 -5.555988 
4.200000 2.500000 -5.566801 
4.200000 2.600000 -5.553524 
4.200000 2.700000 -5.515994 
4.200000 2.800000 -5.453717 
4.200000 2.900000 -5.365851 
4.200000 3.000000 -5.251181 
4.200000 3.100000 -5.108081 
4.200000 3.200000 -4.934468 
4.200000 3.300000 -4.727734 
4.200000 3.400000 -4.484670 
4.200000 3.500000 -4.201367 
4.200000 3.600000 -3.873101 
4.200000 3.700000 -3.494199 
4.200000 3.800000 -3.057897 
4.200000 3.900000 -2.556192 
4.200000 4.000000 -1.979725 
4.200000 4.100000 -1.317730 
4.200000 4.200000 -0.558143 
4.200000 4.300000 0.312010 
4.200000 4.400000 1.305743 
4.200000 4.500000 2.434506 
4.200000 4.600000 3.705590 
4.200000 4.700000 5.118443 
4.200000 4.800000 6.660304 
4.200000 4.900000 8.302509 
4.200000 5.000000 10.000000 

4.300000 0.000000 10.000000 
4.300000 0.100000 8.062179 
4.300000 0.200000 6.207977 
4.300000 0.300000 4.498654 
4.300000 0.400000 2.966765 
4.300000 0.500000 1.620434 
4.300000 0.600000 0.451707 
4.300000 0.700000 -0.555786 
4.300000 0.800000 -1.421469 
4.300000 0.900000 -2.164667 
4.300000 1.000000 -2.803042 
4.300000 1.100000 -3.351989 
4.300000 1.200000 -3.824567 
4.300000 1.300000 -4.231675 
4.300000 1.400000 -4.582323 
4.300000 1.500000 -4.883915 
4.300000 1.600000 -5.142520 
4.300000 1.700000 -5.363091 
4.300000 1.800000 -5.549663 
4.300000 1.900000 -5.705504 
4.300000 2.000000 -5.833237 
4.300000 2.100000 -5.934942 
4.300000 2.200000 -6.012228 
4.300000 2.300000 -6.066294 
4.300000 2.400000 -6.097966 
4.300000 2.500000 -6.107732 
4.300000 2.600000 -6.095753 
4.300000 2.700000 -6.061871 
4.300000 2.800000 -6.005603 
4.300000 2.900000 -5.926127 
4.300000 3.000000 -5.822250 
4.300000 3.100000 -5.692368 
4.300000 3.200000 -5.534410 
4.300000 3.300000 -5.345761 
4.300000 3.400000 -5.123167 
4.300000 3.500000 -4.862609 
4.300000 3.600000 -4.559152 
4.300000 3.700000 -4.206754 
4.300000 3.800000 -3.798041 
4.300000 3.900000 -3.324045 
4.300000 4.000000 -2.773920 
4.300000 4.100000 -2.134676 
4.300000 4.200000 -1.391005 
4.300000 4.300000 -0.525361 
4.300000 4.400000 0.481436 
4.300000 4.500000 1.648627 
4.300000 4.600000 2.992363 
4.300000 4.700000 4.520350 
4.300000 4.800000 6.224218 
4.300000 4.900000 8.071214 
4.300000 5.000000 10.000000 

4.400000 0.000000 10.000000 
4.400000 0.100000 7.755216 
4.400000 0.200000 5.641091 
4.400000 0.300000 3.741830 
4.400000 0.400000 2.089762 
4.400000 0.500000 0.680506 
4.400000 0.600000 -0.509494 
4.400000 0.700000 -1.510532 
4.400000 0.800000 -2.352740 
4.400000 0.900000 -3.063007 
4.400000 1.000000 -3.664042 
4.400000 1.100000 -4.174477 
4.400000 1.200000 -4.609368 
4.400000 1.300000 -4.980793 
4.400000 1.400000 -5.298420 
4.400000 1.500000 -5.569987 
4.400000 1.600000 -5.801694 
4.400000 1.700000 -5.998512 
4.400000 1.800000 -6.164427 
4.400000 1.900000 -6.302626 
4.400000 2.000000 -6.415644 
4.400000 2.100000 -6.505471 
4.400000 2.200000 -6.573638 
4.400000 2.300000 -6.621277 
4.400000 2.400000 -6.649168 
4.400000 2.500000 -6.657767 
4.400000 2.600000 -6.647226 
4.400000 2.700000 -6.617397 
4.400000 2.800000 -6.567824 
4.400000 2.900000 -6.497731 
4.400000 3.000000 -6.405989 
4.400000 3.100000 -6.291072 
4.400000 3.200000 -6.150994 
4.400000 3.300000 -5.983229 
4.400000 3.400000 -5.784598 
4.400000 3.500000 -5.551127 
4.400000 3.600000 -5.277858 
4.400000 3.700000 -4.958612 
4.400000 3.800000 -4.585676 
4.400000 3.900000 -4.149414 
4.400000 4.000000 -3.637791 
4.400000 4.100000 -3.035810 
4.400000 4.200000 -2.324916 
4.400000 4.300000 -1.482504 
4.400000 4.400000 -0.481826 
4.400000 4.500000 0.707059 
4.400000 4.600000 2.114203 
4.400000 4.700000 3.762862 
4.400000 4.800000 5.657088 
4.400000 4.900000 7.764252 
4.400000 5.000000 10.000000 

4.500000 0.000000 10.000000 
4.500000 0.100000 7.328234 
4.500000 0.200000 4.877526 
4.500000 0.300000 2.760813 
4.500000 0.400000 0.995403 
4.500000 0.500000 -0.452456 
4.500000 0.600000 -1.633728 
4.500000 0.700000 -2.599072 
4.500000 0.800000 -3.392101 
4.500000 0.900000 -4.048013 
4.500000 1.000000 -4.594364 
4.500000 1.100000 -5.052460 
4.500000 1.200000 -5.438721 
4.500000 1.300000 -5.765829 
4.500000 1.400000 -6.043626 
4.500000 1.500000 -6.279792 
4.500000 1.600000 -6.480355 
4.500000 1.700000 -6.650066 
4.500000 1.800000 -6.792680 
4.500000 1.900000 -6.911166 
4.500000 2.000000 -7.007862 
4.500000 2.100000 -7.084591 
4.500000 2.200000 -7.142746 
4.500000 2.300000 -7.183350 
4.500000 2.400000 -7.207110 
4.500000 2.500000 -7.214434 
4.500000 2.600000 -7.205460 
4.500000 2.700000 -7.180052 
4.500000 2.800000 -7.137801 
4.500000 2.900000 -7.078005 
4.500000 3.000000 -6.999640 
4.500000 3.100000 -6.901317 
4.500000 3.200000 -6.781217 
4.500000 3.300000 -6.637006 
4.500000 3.400000 -6.465722 
4.500000 3.500000 -6.263616 
4.500000 3.600000 -6.025948 
4.500000 3.700000 -5.746704 
4.500000 3.800000 -5.418221 
4.500000 3.900000 -5.030682 
4.500000 4.000000 -4.571436 
4.500000 4.100000 -4.024108 
4.500000 4.200000 -3.367455 
4.500000 4.300000 -2.574009 
4.500000 4.400000 -1.608698 
4.500000 4.500000 -0.428090 
4.500000 4.600000 1.018217 
4.500000 4.700000 2.780842 
4.500000 4.800000 4.893099 
4.500000 4.900000 7.337227 
4.500000 5.000000 10.000000 

4.600000 0.000000 10.000000 
4.600000 0.100000 6.695322 
4.600000 0.200000 3.804707 
4.600000 0.300000 1.458173 
4.600000 0.400000 -0.385251 
4.600000 0.500000 -1.821143 
4.600000 0.600000 -2.944420 
4.600000 0.700000 -3.832260 
4.600000 0.800000 -4.542812 
4.600000 0.900000 -5.118644 
4.600000 1.000000 -5.590700 
4.600000 1.100000 -5.981562 
4.600000 1.200000 -6.307870 
4.600000 1.300000 -6.582020 
4.600000 1.400000 -6.813358 
4.600000 1.500000 -7.009014 
4.600000 1.600000 -7.174477 
4.600000 1.700000 -7.314008 
4.600000 1.800000 -7.430936 
4.600000 1.900000 -7.527862 
4.600000 2.000000 -7.606820 
4.600000 2.100000 -7.669384 
4.600000 2.200000 -7.716750 
4.600000 2.300000 -7.749797 
4.600000 2.400000 -7.769124 
4.600000 2.500000 -7.775080 
4.600000 2.600000 -7.767781 
4.600000 2.700000 -7.747113 
4.600000 2.800000 -7.712726 
4.600000 2.900000 -7.664021 
4.600000 3.000000 -7.600121 
4.600000 3.100000 -7.519830 
4.600000 3.200000 -7.421578 
4.600000 3.300000 -7.303334 
4.600000 3.400000 -7.162497 
4.600000 3.500000 -6.995746 
4.600000 3.600000 -6.798825 
4.600000 3.700000 -6.566252 
4.600000 3.800000 -6.290911 
4.600000 3.900000 -5.963471 
4.600000 4.000000 -5.571554 
4.600000 4.100000 -5.098556 
4.600000 4.200000 -4.521934 
4.600000 4.300000 -3.810811 
4.600000 4.400000 -2.922720 
4.600000 4.500000 -1.799665 
4.600000 4.600000 -0.364710 
4.600000 4.700000 1.476688 
4.600000 4.800000 3.819562 
4.600000 4.900000 6.704197 
4.600000 5.000000 10.000000 

4.700000 0.000000 10.000000 
4.700000 0.100000 5.671819 
4.700000 0.200000 2.223157 
4.700000 0.300000 -0.308437 
4.700000 0.400000 -2.134857 
4.700000 0.500000 -3.466279 
4.700000 0.600000 -4.457367 
4.700000 0.700000 -5.212517 
4.700000 0.800000 -5.800746 
4.700000 0.900000 -6.267962 
4.700000 1.000000 -6.645234 
4.700000 1.100000 -6.954039 
4.700000 1.200000 -7.209560 
4.700000 1.300000 -7.422747 
4.700000 1.400000 -7.601656 
4.700000 1.500000 -7.752304 
4.700000 1.600000 -7.879254 
4.700000 1.700000 -7.986003 
4.700000 1.800000 -8.075251 
4.700000 1.900000 -8.149096 
4.700000 2.000000 -8.209161 
4.700000 2.100000 -8.256700 
4.700000 2.200000 -8.292658 
4.700000 2.300000 -8.317729 
4.700000 2.400000 -8.332384 
4.700000 2.500000 -8.336899 
4.700000 2.600000 -8.331364 
4.700000 2.700000 -8.315688 
4.700000 2.800000 -8.289598 
4.700000 2.900000 -8.252619 
4.700000 3.000000 -8.204061 
4.700000 3.100000 -8.142977 
4.700000 3.200000 -8.068115 
4.700000 3.300000 -7.977852 
4.700000 3.400000 -7.870094 
4.700000 3.500000 -7.742140 
4.700000 3.600000 -7.590499 
4.700000 3.700000 -7.410613 
4.700000 3.800000 -7.196467 
4.700000 3.900000 -6.940017 
4.700000 4.000000 -6.630322 
4.700000 4.100000 -6.252219 
4.700000 4.200000 -5.784253 
4.700000 4.300000 -5.195396 
4.700000 4.400000 -4.439804 
4.700000 4.500000 -3.448567 
4.700000 4.600000 -2.117481 
4.700000 4.700000 -0.292222 
4.700000 4.800000 2.236777 
4.700000 4.900000 5.680422 
4.700000 5.000000 10.000000 

4.800000 0.000000 10.000000 
4.800000 0.100000 3.809835 
4.800000 0.200000 -0.222414 
4.800000 0.300000 -2.728043 
4.800000 0.400000 -4.332231 
4.800000 0.500000 -5.410064 
4.800000 0.600000 -6.169599 
4.800000 0.700000 -6.727313 
4.800000 0.800000 -7.150868 
4.800000 0.900000 -7.481349 
4.800000 1.000000 -7.744807 
4.800000 1.100000 -7.958424 
4.800000 1.200000 -8.133924 
4.800000 1.300000 -8.279549 
4.800000 1.400000 -8.401237 
4.800000 1.500000 -8.503358 
4.800000 1.600000 -8.589183 
4.800000 1.700000 -8.661195 
4.800000 1.800000 -8.721297 
4.800000 1.900000 -8.770957 
4.800000 2.000000 -8.811305 
4.800000 2.100000 -8.843210 
4.800000 2.200000 -8.867327 
4.800000 2.300000 -8.884133 
4.800000 2.400000 -8.893954 
4.800000 2.500000 -8.896977 
4.800000 2.600000 -8.893267 
4.800000 2.700000 -8.882759 
4.800000 2.800000 -8.865265 
4.800000 2.900000 -8.840460 
4.800000 3.000000 -8.807865 
4.800000 3.100000 -8.766827 
4.800000 3.200000 -8.716478 
4.800000 3.300000 -8.655685 
4.800000 3.400000 -8.582982 
4.800000 3.500000 -8.496467 
4.800000 3.600000 -8.393658 
4.800000 3.700000 -8.271287 
4.800000 3.800000 -8.124984 
4.800000 3.900000 -7.948816 
4.800000 4.000000 -7.734545 
4.800000 4.100000 -7.470453 
4.800000 4.200000 -7.139369 
4.800000 4.300000 -6.715257 
4.800000 4.400000 -6.157061 
4.800000 4.500000 -5.397169 
4.800000 4.600000 -4.319207 
4.800000 4.700000 -2.715341 
4.800000 4.800000 -0.211005 
4.800000 4.900000 3.817785 
4.800000 5.000000 10.000000 

4.900000 0.000000 10.000000 
4.900000 0.100000 -0.126446 
4.900000 0.200000 -4.112604 
4.900000 0.300000 -5.980754 
4.900000 0.400000 -7.000033 
4.900000 0.500000 -7.625770 
4.900000 0.600000 -8.044461 
4.900000 0.700000 -8.342542 
4.900000 0.800000 -8.564574 
4.900000 0.900000 -8.735615 
4.900000 1.000000 -8.870773 
4.900000 1.100000 -8.979672 
4.900000 1.200000 -9.068724 
4.900000 1.300000 -9.142358 
4.900000 1.400000 -9.203720 
4.900000 1.500000 -9.255107 
4.900000 1.600000 -9.298220 
4.900000 1.700000 -9.334346 
4.900000 1.800000 -9.364465 
4.900000 1.900000 -9.389329 
4.900000 2.000000 -9.409516 
4.900000 2.100000 -9.425471 
4.900000 2.200000 -9.437526 
4.900000 2.300000 -9.445924 
4.900000 2.400000 -9.450829 
4.900000 2.500000 -9.452339 
4.900000 2.600000 -9.450484 
4.900000 2.700000 -9.445232 
4.900000 2.800000 -9.436488 
4.900000 2.900000 -9.424086 
4.900000 3.000000 -9.407783 
4.900000 3.100000 -9.387246 
4.900000 3.200000 -9.362032 
4.900000 3.300000 -9.331563 
4.900000 3.400000 -9.295084 
4.900000 3.500000 -9.251617 
4.900000 3.600000 -9.199877 
4.900000 3.700000 -9.138159 
4.900000 3.800000 -9.064171 
4.900000 3.900000 -8.974764 
4.900000 4.000000 -8.865512 
4.900000 4.100000 -8.730003 
4.900000 4.200000 -8.558614 
4.900000 4.300000 -8.336240 
4.900000 4.400000 -8.037828 
4.900000 4.500000 -7.618824 
4.900000 4.600000 -6.992808 
4.900000 4.700000 -5.973340 
4.900000 4.800000 -4.105283 
4.900000 4.900000 -0.120319 
4.900000 5.000000 10.000000 

5.000000 0.000000 10.000000 
5.000000 0.100000 -10.000000 
5.000000 0.200000 -10.000000 
5.000000 0.300000 -10.000000 
5.000000 0.400000 -10.000000 
5.000000 0.500000 -10.000000 
5.000000 0.600000 -10.000000 
5.000000 0.700000 -10.000000 
5.000000 0.800000 -10.000000 
5.000000 0.900000 -10.000000 
5.000000 1.000000 -10.000000 
5.000000 1.100000 -10.000000 
5.000000 1.200000 -10.000000 
5.000000 1.300000 -10.000000 
5.000000 1.400000 -10.000000 
5.000000 1.500000 -10.000000 
5.000000 1.600000 -10.000000 
5.000000 1.700000 -10.000000 
5.000000 1.800000 -10.000000 
5.000000 1.900000 -10.000000 
5.000000 2.000000 -10.000000 
5.000000 2.100000 -10.000000 
5.000000 2.200000 -10.000000 
5.000000 2.300000 -10.000000 
5.000000 2.400000 -10.000000 
5.000000 2.500000 -10.000000 
5.000000 2.600000 -10.000000 
5.000000 2.700000 -10.000000 
5.000000 2.800000 -10.000000 
5.000000 2.900000 -10.000000 
5.000000 3.000000 -10.000000 
5.000000 3.100000 -10.000000 
5.000000 3.200000 -10.000000 
5.000000 3.300000 -10.000000 
5.000000 3.400000 -10.000000 
5.000000 3.500000 -10.000000 
5.000000 3.600000 -10.000000 
5.000000 3.700000 -10.000000 
5.000000 3.800000 -10.000000 
5.000000 3.900000 -10.000000 
5.000000 4.000000 -10.000000 
5.000000 4.100000 -10.000000 
5.000000 4.200000 -10.000000 
5.000000 4.300000 -10.000000 
5.000000 4.400000 -10.000000 
5.000000 4.500000 -10.000000 
5.000000 4.600000 -10.000000 
5.000000 4.700000 -10.000000 
5.000000 4.800000 -10.000000 
5.000000 4.900000 -10.000000 
5.000000 5.000000 10.000000 
